3
Frequency	Azimuth	Elevation	Polarization 1+2
868000000	0	-2.8643942258003	2.08368419646801
868000000	0	-2.77199300454121	8.96173758343678
868000000	0	-2.67959352861138	10.7155342467372
868000000	0	-2.58719405268155	10.7114860836717
868000000	0	-2.49479457675172	12.2788915285237
868000000	0	-2.40239510082189	13.1355933095707
868000000	0	-2.30999562489206	12.5720326963993
868000000	0	-2.21759440363297	12.7546678060483
868000000	0	-2.12519492770314	13.2947011819592
868000000	0	-2.03279545177331	14.1145926089287
868000000	0	-1.94039597584348	15.1879345351401
868000000	0	-1.84799649991364	16.1144865226018
868000000	0	-1.75559527865456	16.1525439082213
868000000	0	-1.66319580272473	15.6026077063898
868000000	0	-1.5707963267949	16.0199207632057
868000000	0	-1.47839685086506	16.1528044392531
868000000	0	-1.38599737493523	15.4301635374127
868000000	0	-1.2935978990054	14.5980419903137
868000000	0	-1.20119667774632	13.7906143818134
868000000	0	-1.10879720181649	13.5289847807712
868000000	0	-1.01639772588665	13.3957271645409
868000000	0	-0.923998249956822	12.9148622755705
868000000	0	-0.83159877402699	12.6486980733153
868000000	0	-0.739197552767906	12.0905598251671
868000000	0	-0.646798076838075	11.5230522406261
868000000	0	-0.554398600908243	10.7993710603585
868000000	0	-0.461999124978411	9.98728782015508
868000000	0	-0.369599649048579	8.69159037844045
868000000	0	-0.277200173118747	6.81030846180067
868000000	0	-0.184798951859664	4.98253737782712
868000000	0	-0.0923994759298318	0.785951443117365
868000000	0	0	-7.3779469102348
868000000	0	0.0923994759298318	-8.18418877878429
868000000	0	0.184798951859664	-2.13264248154637
868000000	0	0.277198427789495	2.62511509621372
868000000	0	0.369599649048579	5.29810280467216
868000000	0	0.461999124978411	7.07769638551805
868000000	0	0.554398600908243	8.88202748415092
868000000	0	0.646798076838075	10.380465378123
868000000	0	0.739197552767906	11.7428530649866
868000000	0	0.83159877402699	12.885405442479
868000000	0	0.923998249956822	13.7402023941217
868000000	0	1.01639772588665	14.33924554875
868000000	0	1.10879720181649	14.8002354259788
868000000	0	1.20119667774632	15.1778325965235
868000000	0	1.29359615367615	15.5058266344215
868000000	0	1.38599737493523	15.3974195120279
868000000	0	1.47839685086506	15.3834298910749
868000000	0	1.5707963267949	15.6340589865625
868000000	0	1.66319580272473	15.4815308245765
868000000	0	1.75559527865456	14.9426688937414
868000000	0	1.84799649991364	14.9180614344475
868000000	0	1.94039597584348	15.9537712650875
868000000	0	2.03279545177331	16.3071424402158
868000000	0	2.12519492770314	15.0616754121781
868000000	0	2.21759440363297	13.6098799263469
868000000	0	2.3099938795628	13.0723300289712
868000000	0	2.40239510082189	12.344133182351
868000000	0	2.49479457675172	11.3388792662997
868000000	0	2.58719405268155	7.81453635882051
868000000	0	2.67959352861138	10.2038419511636
868000000	0	2.77199300454121	13.1527644975636
868000000	0	2.8643942258003	11.9178352306428
868000000	0.174532925199433	-2.8643942258003	4.70305583136818
868000000	0.174532925199433	-2.77199300454121	8.0246471953289
868000000	0.174532925199433	-2.67959352861138	10.6450396620023
868000000	0.174532925199433	-2.58719405268155	10.8408583217861
868000000	0.174532925199433	-2.49479457675172	11.9680147611786
868000000	0.174532925199433	-2.40239510082189	13.0931975026459
868000000	0.174532925199433	-2.30999562489206	12.8526057441217
868000000	0.174532925199433	-2.21759440363297	12.7813867754215
868000000	0.174532925199433	-2.12519492770314	12.9591324052179
868000000	0.174532925199433	-2.03279545177331	13.9495241050409
868000000	0.174532925199433	-1.94039597584348	15.1962226422807
868000000	0.174532925199433	-1.84799649991364	16.1109180133774
868000000	0.174532925199433	-1.75559527865456	16.1286084732792
868000000	0.174532925199433	-1.66319580272473	15.6435217634341
868000000	0.174532925199433	-1.5707963267949	16.1002396488654
868000000	0.174532925199433	-1.47839685086506	16.183168298128
868000000	0.174532925199433	-1.38599737493523	15.4749928179637
868000000	0.174532925199433	-1.2935978990054	14.6898179422987
868000000	0.174532925199433	-1.20119667774632	13.9139605592019
868000000	0.174532925199433	-1.10879720181649	13.5820291319459
868000000	0.174532925199433	-1.01639772588665	13.3598443290085
868000000	0.174532925199433	-0.923998249956822	12.8847453272596
868000000	0.174532925199433	-0.83159877402699	12.6396448941276
868000000	0.174532925199433	-0.739197552767906	12.1206153340742
868000000	0.174532925199433	-0.646798076838075	11.5829580924948
868000000	0.174532925199433	-0.554398600908243	10.850563983688
868000000	0.174532925199433	-0.461999124978411	10.0121739654746
868000000	0.174532925199433	-0.369599649048579	8.6989312033777
868000000	0.174532925199433	-0.277200173118747	6.83553946348097
868000000	0.174532925199433	-0.184798951859664	5.02107771708869
868000000	0.174532925199433	-0.0923994759298318	0.948887110182328
868000000	0.174532925199433	0	-6.97366290645376
868000000	0.174532925199433	0.0923994759298318	-8.86064303162092
868000000	0.174532925199433	0.184798951859664	-2.36155282576329
868000000	0.174532925199433	0.277198427789495	2.54195189831009
868000000	0.174532925199433	0.369599649048579	5.29054694212549
868000000	0.174532925199433	0.461999124978411	7.14145779366012
868000000	0.174532925199433	0.554398600908243	8.96028439941698
868000000	0.174532925199433	0.646798076838075	10.389443426718
868000000	0.174532925199433	0.739197552767906	11.6427596802586
868000000	0.174532925199433	0.83159877402699	12.7409284750298
868000000	0.174532925199433	0.923998249956822	13.6114566599164
868000000	0.174532925199433	1.01639772588665	14.2905693491767
868000000	0.174532925199433	1.10879720181649	14.77026694533
868000000	0.174532925199433	1.20119667774632	15.1587380972474
868000000	0.174532925199433	1.29359615367615	15.4867365324248
868000000	0.174532925199433	1.38599737493523	15.4101134056174
868000000	0.174532925199433	1.47839685086506	15.3941469805714
868000000	0.174532925199433	1.5707963267949	15.6293004419525
868000000	0.174532925199433	1.66319580272473	15.5343085171783
868000000	0.174532925199433	1.75559527865456	15.0586253661607
868000000	0.174532925199433	1.84799649991364	14.8522544518003
868000000	0.174532925199433	1.94039597584348	15.6090718269157
868000000	0.174532925199433	2.03279545177331	16.1455971028955
868000000	0.174532925199433	2.12519492770314	15.341490583119
868000000	0.174532925199433	2.21759440363297	13.9691445107816
868000000	0.174532925199433	2.3099938795628	13.0124567529463
868000000	0.174532925199433	2.40239510082189	12.536934964836
868000000	0.174532925199433	2.49479457675172	12.2004929097167
868000000	0.174532925199433	2.58719405268155	8.21085259999904
868000000	0.174532925199433	2.67959352861138	8.98155831257676
868000000	0.174532925199433	2.77199300454121	13.1589301753237
868000000	0.174532925199433	2.8643942258003	11.5181272651666
868000000	0.349065850398866	-2.8643942258003	7.20369153173099
868000000	0.349065850398866	-2.77199300454121	7.25907472649099
868000000	0.349065850398866	-2.67959352861138	10.3050882096866
868000000	0.349065850398866	-2.58719405268155	10.9955025435292
868000000	0.349065850398866	-2.49479457675172	11.7742594783208
868000000	0.349065850398866	-2.40239510082189	12.945283291831
868000000	0.349065850398866	-2.30999562489206	13.0661345829547
868000000	0.349065850398866	-2.21759440363297	12.9580563633517
868000000	0.349065850398866	-2.12519492770314	12.7088515853266
868000000	0.349065850398866	-2.03279545177331	13.722297269836
868000000	0.349065850398866	-1.94039597584348	15.1943862440456
868000000	0.349065850398866	-1.84799649991364	16.142957234767
868000000	0.349065850398866	-1.75559527865456	16.1362868444049
868000000	0.349065850398866	-1.66319580272473	15.699692930635
868000000	0.349065850398866	-1.5707963267949	16.1515098791971
868000000	0.349065850398866	-1.47839685086506	16.2020748762271
868000000	0.349065850398866	-1.38599737493523	15.4975717052072
868000000	0.349065850398866	-1.2935978990054	14.7826910784784
868000000	0.349065850398866	-1.20119667774632	14.0647712066746
868000000	0.349065850398866	-1.10879720181649	13.6852465850779
868000000	0.349065850398866	-1.01639772588665	13.3740531451409
868000000	0.349065850398866	-0.923998249956822	12.835089238734
868000000	0.349065850398866	-0.83159877402699	12.6167671753005
868000000	0.349065850398866	-0.739197552767906	12.141632942841
868000000	0.349065850398866	-0.646798076838075	11.6177944788137
868000000	0.349065850398866	-0.554398600908243	10.8709358573788
868000000	0.349065850398866	-0.461999124978411	10.0194396229374
868000000	0.349065850398866	-0.369599649048579	8.68810646336338
868000000	0.349065850398866	-0.277200173118747	6.84398419560992
868000000	0.349065850398866	-0.184798951859664	5.01566391066917
868000000	0.349065850398866	-0.0923994759298318	1.02706643762965
868000000	0.349065850398866	0	-6.70946222180721
868000000	0.349065850398866	0.0923994759298318	-9.60912401541996
868000000	0.349065850398866	0.184798951859664	-2.66111058173306
868000000	0.349065850398866	0.277198427789495	2.4421831382723
868000000	0.349065850398866	0.369599649048579	5.31464033716872
868000000	0.349065850398866	0.461999124978411	7.24890348247147
868000000	0.349065850398866	0.554398600908243	9.11310477202483
868000000	0.349065850398866	0.646798076838075	10.7394733739399
868000000	0.349065850398866	0.739197552767906	11.5936932708836
868000000	0.349065850398866	0.83159877402699	12.5872998209318
868000000	0.349065850398866	0.923998249956822	13.4461129249924
868000000	0.349065850398866	1.01639772588665	14.2143001485823
868000000	0.349065850398866	1.10879720181649	14.7417468778125
868000000	0.349065850398866	1.20119667774632	15.1246551570304
868000000	0.349065850398866	1.29359615367615	15.4442316696543
868000000	0.349065850398866	1.38599737493523	15.4180811991094
868000000	0.349065850398866	1.47839685086506	15.4475428417783
868000000	0.349065850398866	1.5707963267949	15.629815684503
868000000	0.349065850398866	1.66319580272473	15.542899712824
868000000	0.349065850398866	1.75559527865456	15.202826144458
868000000	0.349065850398866	1.84799649991364	14.9312996466992
868000000	0.349065850398866	1.94039597584348	15.2652928278742
868000000	0.349065850398866	2.03279545177331	15.8523220424948
868000000	0.349065850398866	2.12519492770314	15.5243253262678
868000000	0.349065850398866	2.21759440363297	14.3717679643612
868000000	0.349065850398866	2.3099938795628	13.0252401320783
868000000	0.349065850398866	2.40239510082189	12.5364762060281
868000000	0.349065850398866	2.49479457675172	12.855130507103
868000000	0.349065850398866	2.58719405268155	9.43544734070212
868000000	0.349065850398866	2.67959352861138	7.54242327345062
868000000	0.349065850398866	2.77199300454121	12.8645266719039
868000000	0.349065850398866	2.8643942258003	11.3772490179708
868000000	0.523598775598299	-2.8643942258003	9.1834729823078
868000000	0.523598775598299	-2.77199300454121	6.99040394594487
868000000	0.523598775598299	-2.67959352861138	9.86184376894108
868000000	0.523598775598299	-2.58719405268155	11.0930823986559
868000000	0.523598775598299	-2.49479457675172	11.7017346030079
868000000	0.523598775598299	-2.40239510082189	12.7954177373197
868000000	0.523598775598299	-2.30999562489206	13.1904290374693
868000000	0.523598775598299	-2.21759440363297	13.2120808566699
868000000	0.523598775598299	-2.12519492770314	12.6752398663473
868000000	0.523598775598299	-2.03279545177331	13.4962808073215
868000000	0.523598775598299	-1.94039597584348	15.1240179839656
868000000	0.523598775598299	-1.84799649991364	16.1872631370665
868000000	0.523598775598299	-1.75559527865456	16.1808724284225
868000000	0.523598775598299	-1.66319580272473	15.7483386989456
868000000	0.523598775598299	-1.5707963267949	16.1382146057385
868000000	0.523598775598299	-1.47839685086506	16.2041773566134
868000000	0.523598775598299	-1.38599737493523	15.5408565202138
868000000	0.523598775598299	-1.2935978990054	14.8486205582624
868000000	0.523598775598299	-1.20119667774632	14.1531586732781
868000000	0.523598775598299	-1.10879720181649	13.7684725696216
868000000	0.523598775598299	-1.01639772588665	13.420257499645
868000000	0.523598775598299	-0.923998249956822	12.8314289804518
868000000	0.523598775598299	-0.83159877402699	12.5422848317346
868000000	0.523598775598299	-0.739197552767906	12.0709722471829
868000000	0.523598775598299	-0.646798076838075	11.5241393954052
868000000	0.523598775598299	-0.554398600908243	10.7534888052678
868000000	0.523598775598299	-0.461999124978411	9.90697839062651
868000000	0.523598775598299	-0.369599649048579	8.61357849895369
868000000	0.523598775598299	-0.277200173118747	6.77557966831454
868000000	0.523598775598299	-0.184798951859664	4.95698826903019
868000000	0.523598775598299	-0.0923994759298318	1.08986489092232
868000000	0.523598775598299	0	-6.17944722806319
868000000	0.523598775598299	0.0923994759298318	-10.4314077443751
868000000	0.523598775598299	0.184798951859664	-3.03246121878484
868000000	0.523598775598299	0.277198427789495	2.2631817671897
868000000	0.523598775598299	0.369599649048579	5.26681765810642
868000000	0.523598775598299	0.461999124978411	7.25723352027661
868000000	0.523598775598299	0.554398600908243	9.17522556883864
868000000	0.523598775598299	0.646798076838075	10.5309515451406
868000000	0.523598775598299	0.739197552767906	11.5581297499516
868000000	0.523598775598299	0.83159877402699	12.451901258981
868000000	0.523598775598299	0.923998249956822	13.2681638945523
868000000	0.523598775598299	1.01639772588665	14.0979798757734
868000000	0.523598775598299	1.10879720181649	14.6658678845113
868000000	0.523598775598299	1.20119667774632	15.0675310505866
868000000	0.523598775598299	1.29359615367615	15.3778520084856
868000000	0.523598775598299	1.38599737493523	15.4106417505945
868000000	0.523598775598299	1.47839685086506	15.4915848276164
868000000	0.523598775598299	1.5707963267949	15.6688919245096
868000000	0.523598775598299	1.66319580272473	15.569230797723
868000000	0.523598775598299	1.75559527865456	15.31948590922
868000000	0.523598775598299	1.84799649991364	15.0540350180974
868000000	0.523598775598299	1.94039597584348	15.0392081080279
868000000	0.523598775598299	2.03279545177331	15.5734013782012
868000000	0.523598775598299	2.12519492770314	15.5590671543835
868000000	0.523598775598299	2.21759440363297	14.7323905645131
868000000	0.523598775598299	2.3099938795628	13.2184742048198
868000000	0.523598775598299	2.40239510082189	12.40999667277
868000000	0.523598775598299	2.49479457675172	13.2678448490602
868000000	0.523598775598299	2.58719405268155	10.8599231103602
868000000	0.523598775598299	2.67959352861138	6.05379182549836
868000000	0.523598775598299	2.77199300454121	12.3390488617238
868000000	0.523598775598299	2.8643942258003	11.2532504270852
868000000	0.698131700797732	-2.8643942258003	10.6037342395294
868000000	0.698131700797732	-2.77199300454121	7.43453437060179
868000000	0.698131700797732	-2.67959352861138	9.34912317142782
868000000	0.698131700797732	-2.58719405268155	11.0292484503147
868000000	0.698131700797732	-2.49479457675172	11.6980961302308
868000000	0.698131700797732	-2.40239510082189	12.6057340965457
868000000	0.698131700797732	-2.30999562489206	13.1749706021526
868000000	0.698131700797732	-2.21759440363297	13.45778937926
868000000	0.698131700797732	-2.12519492770314	12.8679902172767
868000000	0.698131700797732	-2.03279545177331	13.3022695742326
868000000	0.698131700797732	-1.94039597584348	14.9543267187116
868000000	0.698131700797732	-1.84799649991364	16.2015323300261
868000000	0.698131700797732	-1.75559527865456	16.3233925284493
868000000	0.698131700797732	-1.66319580272473	15.7928715653428
868000000	0.698131700797732	-1.5707963267949	16.0559933619771
868000000	0.698131700797732	-1.47839685086506	16.1725037041594
868000000	0.698131700797732	-1.38599737493523	15.5987671089865
868000000	0.698131700797732	-1.2935978990054	14.9086989511689
868000000	0.698131700797732	-1.20119667774632	14.1732192679692
868000000	0.698131700797732	-1.10879720181649	13.8263743007445
868000000	0.698131700797732	-1.01639772588665	13.5153980279483
868000000	0.698131700797732	-0.923998249956822	12.8748884903908
868000000	0.698131700797732	-0.83159877402699	12.4996285397267
868000000	0.698131700797732	-0.739197552767906	11.9770429435563
868000000	0.698131700797732	-0.646798076838075	11.4225783252515
868000000	0.698131700797732	-0.554398600908243	10.6560291319446
868000000	0.698131700797732	-0.461999124978411	9.80765045208166
868000000	0.698131700797732	-0.369599649048579	8.5302019540107
868000000	0.698131700797732	-0.277200173118747	6.73283135021564
868000000	0.698131700797732	-0.184798951859664	4.88914553610876
868000000	0.698131700797732	-0.0923994759298318	1.03233872647974
868000000	0.698131700797732	0	-6.02722916587294
868000000	0.698131700797732	0.0923994759298318	-10.0455622086265
868000000	0.698131700797732	0.184798951859664	-2.96440468174761
868000000	0.698131700797732	0.277198427789495	2.21340311615288
868000000	0.698131700797732	0.369599649048579	5.20670305488463
868000000	0.698131700797732	0.461999124978411	7.15734427315567
868000000	0.698131700797732	0.554398600908243	9.13653530167584
868000000	0.698131700797732	0.646798076838075	10.5264118534952
868000000	0.698131700797732	0.739197552767906	11.5543405298886
868000000	0.698131700797732	0.83159877402699	12.4269682676248
868000000	0.698131700797732	0.923998249956822	13.1618003498792
868000000	0.698131700797732	1.01639772588665	13.9545873522433
868000000	0.698131700797732	1.10879720181649	14.5233276585944
868000000	0.698131700797732	1.20119667774632	14.9626147167456
868000000	0.698131700797732	1.29359615367615	15.3550644439286
868000000	0.698131700797732	1.38599737493523	15.4034644957458
868000000	0.698131700797732	1.47839685086506	15.4935375707234
868000000	0.698131700797732	1.5707963267949	15.6588126496449
868000000	0.698131700797732	1.66319580272473	15.6334963036056
868000000	0.698131700797732	1.75559527865456	15.4439332113591
868000000	0.698131700797732	1.84799649991364	15.1431363920616
868000000	0.698131700797732	1.94039597584348	14.9346069418567
868000000	0.698131700797732	2.03279545177331	15.3331889829743
868000000	0.698131700797732	2.12519492770314	15.4539695043628
868000000	0.698131700797732	2.21759440363297	14.9393257070585
868000000	0.698131700797732	2.3099938795628	13.5442470929766
868000000	0.698131700797732	2.40239510082189	12.3173283059594
868000000	0.698131700797732	2.49479457675172	13.4037850751206
868000000	0.698131700797732	2.58719405268155	11.9622137045601
868000000	0.698131700797732	2.67959352861138	5.78432177415501
868000000	0.698131700797732	2.77199300454121	11.5742086086022
868000000	0.698131700797732	2.8643942258003	11.1657770109729
868000000	0.872664625997165	-2.8643942258003	11.4387571109522
868000000	0.872664625997165	-2.77199300454121	8.128646383955
868000000	0.872664625997165	-2.67959352861138	8.90194703735827
868000000	0.872664625997165	-2.58719405268155	10.8546938411545
868000000	0.872664625997165	-2.49479457675172	11.6784483038865
868000000	0.872664625997165	-2.40239510082189	12.3746922895431
868000000	0.872664625997165	-2.30999562489206	13.0457949850798
868000000	0.872664625997165	-2.21759440363297	13.6548789021106
868000000	0.872664625997165	-2.12519492770314	13.1960642315812
868000000	0.872664625997165	-2.03279545177331	13.229268486298
868000000	0.872664625997165	-1.94039597584348	14.748469192764
868000000	0.872664625997165	-1.84799649991364	16.1514849279607
868000000	0.872664625997165	-1.75559527865456	16.418590439608
868000000	0.872664625997165	-1.66319580272473	15.8371463078164
868000000	0.872664625997165	-1.5707963267949	15.9606474251216
868000000	0.872664625997165	-1.47839685086506	16.1150933881069
868000000	0.872664625997165	-1.38599737493523	15.6332395172683
868000000	0.872664625997165	-1.2935978990054	14.9470857268428
868000000	0.872664625997165	-1.20119667774632	14.1797819104612
868000000	0.872664625997165	-1.10879720181649	13.8791308197282
868000000	0.872664625997165	-1.01639772588665	13.6248487313122
868000000	0.872664625997165	-0.923998249956822	12.9695798573723
868000000	0.872664625997165	-0.83159877402699	12.4660546515626
868000000	0.872664625997165	-0.739197552767906	11.8673730657953
868000000	0.872664625997165	-0.646798076838075	11.2731063685859
868000000	0.872664625997165	-0.554398600908243	10.52741820165
868000000	0.872664625997165	-0.461999124978411	9.7067220038504
868000000	0.872664625997165	-0.369599649048579	8.44744325703289
868000000	0.872664625997165	-0.277200173118747	6.66198973375219
868000000	0.872664625997165	-0.184798951859664	4.7853995695823
868000000	0.872664625997165	-0.0923994759298318	0.928501943221146
868000000	0.872664625997165	0	-5.78064412032853
868000000	0.872664625997165	0.0923994759298318	-9.13518056105905
868000000	0.872664625997165	0.184798951859664	-2.64221523304737
868000000	0.872664625997165	0.277198427789495	2.28056549363211
868000000	0.872664625997165	0.369599649048579	5.23572243701205
868000000	0.872664625997165	0.461999124978411	7.13711685724863
868000000	0.872664625997165	0.554398600908243	9.0890993204901
868000000	0.872664625997165	0.646798076838075	10.5070476039121
868000000	0.872664625997165	0.739197552767906	11.5504786657663
868000000	0.872664625997165	0.83159877402699	12.4245228946299
868000000	0.872664625997165	0.923998249956822	13.1035034317877
868000000	0.872664625997165	1.01639772588665	13.8305754389926
868000000	0.872664625997165	1.10879720181649	14.3819057841189
868000000	0.872664625997165	1.20119667774632	14.8571945237687
868000000	0.872664625997165	1.29359615367615	15.3156608826712
868000000	0.872664625997165	1.38599737493523	15.3908380047956
868000000	0.872664625997165	1.47839685086506	15.4765818660495
868000000	0.872664625997165	1.5707963267949	15.6593946861988
868000000	0.872664625997165	1.66319580272473	15.6717986755597
868000000	0.872664625997165	1.75559527865456	15.5293303736445
868000000	0.872664625997165	1.84799649991364	15.2441773027123
868000000	0.872664625997165	1.94039597584348	14.9328625117121
868000000	0.872664625997165	2.03279545177331	15.1505109494426
868000000	0.872664625997165	2.12519492770314	15.2704224215654
868000000	0.872664625997165	2.21759440363297	15.0100547642682
868000000	0.872664625997165	2.3099938795628	13.8576722533761
868000000	0.872664625997165	2.40239510082189	12.3112896532948
868000000	0.872664625997165	2.49479457675172	13.2941178145365
868000000	0.872664625997165	2.58719405268155	12.7529244818296
868000000	0.872664625997165	2.67959352861138	6.60052750666369
868000000	0.872664625997165	2.77199300454121	10.6214355311664
868000000	0.872664625997165	2.8643942258003	11.1171382391948
868000000	1.0471975511966	-2.8643942258003	11.683339862622
868000000	1.0471975511966	-2.77199300454121	8.74675975193591
868000000	1.0471975511966	-2.67959352861138	8.66539524846134
868000000	1.0471975511966	-2.58719405268155	10.6141695285567
868000000	1.0471975511966	-2.49479457675172	11.5962334350246
868000000	1.0471975511966	-2.40239510082189	12.1069157153881
868000000	1.0471975511966	-2.30999562489206	12.8128540189631
868000000	1.0471975511966	-2.21759440363297	13.7541965697548
868000000	1.0471975511966	-2.12519492770314	13.5486437936052
868000000	1.0471975511966	-2.03279545177331	13.3738097418739
868000000	1.0471975511966	-1.94039597584348	14.5679980736956
868000000	1.0471975511966	-1.84799649991364	16.0392349935225
868000000	1.0471975511966	-1.75559527865456	16.4669169273442
868000000	1.0471975511966	-1.66319580272473	15.8893238916062
868000000	1.0471975511966	-1.5707963267949	15.8715294378666
868000000	1.0471975511966	-1.47839685086506	16.0353770822548
868000000	1.0471975511966	-1.38599737493523	15.6103970151687
868000000	1.0471975511966	-1.2935978990054	14.9486316265936
868000000	1.0471975511966	-1.20119667774632	14.1634544430173
868000000	1.0471975511966	-1.10879720181649	13.9281472558827
868000000	1.0471975511966	-1.01639772588665	13.7523099803734
868000000	1.0471975511966	-0.923998249956822	13.1031745665566
868000000	1.0471975511966	-0.83159877402699	12.4708102457159
868000000	1.0471975511966	-0.739197552767906	11.7498356311437
868000000	1.0471975511966	-0.646798076838075	11.1073558285362
868000000	1.0471975511966	-0.554398600908243	10.371353202444
868000000	1.0471975511966	-0.461999124978411	9.57265424763128
868000000	1.0471975511966	-0.369599649048579	8.34358771241107
868000000	1.0471975511966	-0.277200173118747	6.57169232458073
868000000	1.0471975511966	-0.184798951859664	4.70158681625813
868000000	1.0471975511966	-0.0923994759298318	0.77966473328432
868000000	1.0471975511966	0	-5.68918107027526
868000000	1.0471975511966	0.0923994759298318	-8.0168984893877
868000000	1.0471975511966	0.184798951859664	-2.12062788428884
868000000	1.0471975511966	0.277198427789495	2.46682703587375
868000000	1.0471975511966	0.369599649048579	5.31320270876429
868000000	1.0471975511966	0.461999124978411	7.13769643602943
868000000	1.0471975511966	0.554398600908243	9.03935646541217
868000000	1.0471975511966	0.646798076838075	10.4636573901467
868000000	1.0471975511966	0.739197552767906	11.5499506899172
868000000	1.0471975511966	0.83159877402699	12.4252197883613
868000000	1.0471975511966	0.923998249956822	13.0749624956155
868000000	1.0471975511966	1.01639772588665	13.7437102970686
868000000	1.0471975511966	1.10879720181649	14.2497751502832
868000000	1.0471975511966	1.20119667774632	14.7245628813957
868000000	1.0471975511966	1.29359615367615	15.2219441315394
868000000	1.0471975511966	1.38599737493523	15.369398003272
868000000	1.0471975511966	1.47839685086506	15.4746647886458
868000000	1.0471975511966	1.5707963267949	15.6437876457057
868000000	1.0471975511966	1.66319580272473	15.7098974407127
868000000	1.0471975511966	1.75559527865456	15.6010756041186
868000000	1.0471975511966	1.84799649991364	15.3312972856189
868000000	1.0471975511966	1.94039597584348	14.9828163128768
868000000	1.0471975511966	2.03279545177331	15.057793673687
868000000	1.0471975511966	2.12519492770314	15.0712484223428
868000000	1.0471975511966	2.21759440363297	14.9467638751173
868000000	1.0471975511966	2.3099938795628	14.1028790152965
868000000	1.0471975511966	2.40239510082189	12.4102476711757
868000000	1.0471975511966	2.49479457675172	12.9978313713396
868000000	1.0471975511966	2.58719405268155	13.2522915491575
868000000	1.0471975511966	2.67959352861138	7.96114548893982
868000000	1.0471975511966	2.77199300454121	9.70483438213732
868000000	1.0471975511966	2.8643942258003	11.2039032607463
868000000	1.22173047639603	-2.8643942258003	11.3483530216387
868000000	1.22173047639603	-2.77199300454121	9.19935007239114
868000000	1.22173047639603	-2.67959352861138	8.67558562748518
868000000	1.22173047639603	-2.58719405268155	10.3953180616814
868000000	1.22173047639603	-2.49479457675172	11.4256057247675
868000000	1.22173047639603	-2.40239510082189	11.7645620540615
868000000	1.22173047639603	-2.30999562489206	12.5413474171484
868000000	1.22173047639603	-2.21759440363297	13.7715936034465
868000000	1.22173047639603	-2.12519492770314	13.8468913250913
868000000	1.22173047639603	-2.03279545177331	13.65124142062
868000000	1.22173047639603	-1.94039597584348	14.522236881265
868000000	1.22173047639603	-1.84799649991364	15.8851572535931
868000000	1.22173047639603	-1.75559527865456	16.4338075348071
868000000	1.22173047639603	-1.66319580272473	15.9102542352921
868000000	1.22173047639603	-1.5707963267949	15.8230567559166
868000000	1.22173047639603	-1.47839685086506	15.9408120333022
868000000	1.22173047639603	-1.38599737493523	15.550109375625
868000000	1.22173047639603	-1.2935978990054	14.9286396671911
868000000	1.22173047639603	-1.20119667774632	14.1749780826976
868000000	1.22173047639603	-1.10879720181649	13.9679616600385
868000000	1.22173047639603	-1.01639772588665	13.8714746180187
868000000	1.22173047639603	-0.923998249956822	13.2341180799079
868000000	1.22173047639603	-0.83159877402699	12.5049976970925
868000000	1.22173047639603	-0.739197552767906	11.6486568871509
868000000	1.22173047639603	-0.646798076838075	10.9180131427292
868000000	1.22173047639603	-0.554398600908243	10.182656817492
868000000	1.22173047639603	-0.461999124978411	9.41845312839533
868000000	1.22173047639603	-0.369599649048579	8.2084942678923
868000000	1.22173047639603	-0.277200173118747	6.48286075099077
868000000	1.22173047639603	-0.184798951859664	4.59425847594567
868000000	1.22173047639603	-0.0923994759298318	0.630323794431176
868000000	1.22173047639603	0	-5.57793143106676
868000000	1.22173047639603	0.0923994759298318	-6.90834269591384
868000000	1.22173047639603	0.184798951859664	-1.46262743133866
868000000	1.22173047639603	0.277198427789495	2.80718726982918
868000000	1.22173047639603	0.369599649048579	5.51993595767452
868000000	1.22173047639603	0.461999124978411	7.21395419619354
868000000	1.22173047639603	0.554398600908243	9.05936379843244
868000000	1.22173047639603	0.646798076838075	10.4384126147475
868000000	1.22173047639603	0.739197552767906	11.53753105262
868000000	1.22173047639603	0.83159877402699	12.4247077168363
868000000	1.22173047639603	0.923998249956822	13.0388399296084
868000000	1.22173047639603	1.01639772588665	13.6908363836921
868000000	1.22173047639603	1.10879720181649	14.1665940885481
868000000	1.22173047639603	1.20119667774632	14.6049989798234
868000000	1.22173047639603	1.29359615367615	15.1529308313821
868000000	1.22173047639603	1.38599737493523	15.3435488984922
868000000	1.22173047639603	1.47839685086506	15.4947060841389
868000000	1.22173047639603	1.5707963267949	15.6409913019455
868000000	1.22173047639603	1.66319580272473	15.7134993408021
868000000	1.22173047639603	1.75559527865456	15.6679216500635
868000000	1.22173047639603	1.84799649991364	15.4355887253785
868000000	1.22173047639603	1.94039597584348	15.0459131892305
868000000	1.22173047639603	2.03279545177331	15.0047334976528
868000000	1.22173047639603	2.12519492770314	14.9142583717497
868000000	1.22173047639603	2.21759440363297	14.8182231507881
868000000	1.22173047639603	2.3099938795628	14.2602765226532
868000000	1.22173047639603	2.40239510082189	12.6287017480274
868000000	1.22173047639603	2.49479457675172	12.58633662076
868000000	1.22173047639603	2.58719405268155	13.5317555282667
868000000	1.22173047639603	2.67959352861138	9.39560570078001
868000000	1.22173047639603	2.77199300454121	8.90936995888734
868000000	1.22173047639603	2.8643942258003	11.3991035692941
868000000	1.39626340159546	-2.8643942258003	10.5797953793227
868000000	1.39626340159546	-2.77199300454121	9.65442565717018
868000000	1.39626340159546	-2.67959352861138	8.87995199074741
868000000	1.39626340159546	-2.58719405268155	10.2985446489084
868000000	1.39626340159546	-2.49479457675172	11.218811645554
868000000	1.39626340159546	-2.40239510082189	11.307592714
868000000	1.39626340159546	-2.30999562489206	12.2292038576669
868000000	1.39626340159546	-2.21759440363297	13.7217623174033
868000000	1.39626340159546	-2.12519492770314	14.0177755684702
868000000	1.39626340159546	-2.03279545177331	14.0216552299629
868000000	1.39626340159546	-1.94039597584348	14.6377505414074
868000000	1.39626340159546	-1.84799649991364	15.7620856823605
868000000	1.39626340159546	-1.75559527865456	16.3285556002796
868000000	1.39626340159546	-1.66319580272473	15.8711432788723
868000000	1.39626340159546	-1.5707963267949	15.8015084325071
868000000	1.39626340159546	-1.47839685086506	15.8249057842587
868000000	1.39626340159546	-1.38599737493523	15.4071353146921
868000000	1.39626340159546	-1.2935978990054	14.8538462879408
868000000	1.39626340159546	-1.20119667774632	14.2680930243293
868000000	1.39626340159546	-1.10879720181649	14.0864851077855
868000000	1.39626340159546	-1.01639772588665	13.9974543736061
868000000	1.39626340159546	-0.923998249956822	13.343548867095
868000000	1.39626340159546	-0.83159877402699	12.5187920149604
868000000	1.39626340159546	-0.739197552767906	11.5259374193622
868000000	1.39626340159546	-0.646798076838075	10.7507755497143
868000000	1.39626340159546	-0.554398600908243	10.0132077502849
868000000	1.39626340159546	-0.461999124978411	9.27043264725332
868000000	1.39626340159546	-0.369599649048579	8.08427876597534
868000000	1.39626340159546	-0.277200173118747	6.36420257987595
868000000	1.39626340159546	-0.184798951859664	4.48517736008711
868000000	1.39626340159546	-0.0923994759298318	0.472974388482076
868000000	1.39626340159546	0	-5.47828060992122
868000000	1.39626340159546	0.0923994759298318	-5.96437775326108
868000000	1.39626340159546	0.184798951859664	-0.785746276735914
868000000	1.39626340159546	0.277198427789495	3.19845287136495
868000000	1.39626340159546	0.369599649048579	5.79386494286273
868000000	1.39626340159546	0.461999124978411	7.41790074115766
868000000	1.39626340159546	0.554398600908243	9.1657694412348
868000000	1.39626340159546	0.646798076838075	10.486554957984
868000000	1.39626340159546	0.739197552767906	11.5272641686345
868000000	1.39626340159546	0.83159877402699	12.3971241487411
868000000	1.39626340159546	0.923998249956822	13.006783438617
868000000	1.39626340159546	1.01639772588665	13.6481256731109
868000000	1.39626340159546	1.10879720181649	14.1508690399657
868000000	1.39626340159546	1.20119667774632	14.5137859925338
868000000	1.39626340159546	1.29359615367615	15.0306811032098
868000000	1.39626340159546	1.38599737493523	15.3016084208216
868000000	1.39626340159546	1.47839685086506	15.5366685680785
868000000	1.39626340159546	1.5707963267949	15.6693845765543
868000000	1.39626340159546	1.66319580272473	15.7002576157736
868000000	1.39626340159546	1.75559527865456	15.7053926284727
868000000	1.39626340159546	1.84799649991364	15.5587061388517
868000000	1.39626340159546	1.94039597584348	15.1239828995114
868000000	1.39626340159546	2.03279545177331	14.972419034174
868000000	1.39626340159546	2.12519492770314	14.8147440086024
868000000	1.39626340159546	2.21759440363297	14.6623719845509
868000000	1.39626340159546	2.3099938795628	14.3252996142639
868000000	1.39626340159546	2.40239510082189	12.8991922450378
868000000	1.39626340159546	2.49479457675172	12.1620689121884
868000000	1.39626340159546	2.58719405268155	13.5797374026556
868000000	1.39626340159546	2.67959352861138	10.666366977353
868000000	1.39626340159546	2.77199300454121	8.38444906197113
868000000	1.39626340159546	2.8643942258003	11.5811908809775
868000000	1.5707963267949	-2.8643942258003	9.64168765991159
868000000	1.5707963267949	-2.77199300454121	10.0328374786917
868000000	1.5707963267949	-2.67959352861138	9.17888289755249
868000000	1.5707963267949	-2.58719405268155	10.1128787700687
868000000	1.5707963267949	-2.49479457675172	10.862596848603
868000000	1.5707963267949	-2.40239510082189	10.8899935127858
868000000	1.5707963267949	-2.30999562489206	11.862400781242
868000000	1.5707963267949	-2.21759440363297	13.5288009693363
868000000	1.5707963267949	-2.12519492770314	14.1211877354489
868000000	1.5707963267949	-2.03279545177331	14.4094503375813
868000000	1.5707963267949	-1.94039597584348	14.8197930043281
868000000	1.5707963267949	-1.84799649991364	15.6629860656412
868000000	1.5707963267949	-1.75559527865456	16.185782816822
868000000	1.5707963267949	-1.66319580272473	15.7902000942443
868000000	1.5707963267949	-1.5707963267949	15.7566187603209
868000000	1.5707963267949	-1.47839685086506	15.7130114003605
868000000	1.5707963267949	-1.38599737493523	15.2604323348441
868000000	1.5707963267949	-1.2935978990054	14.8086572786072
868000000	1.5707963267949	-1.20119667774632	14.3483691906586
868000000	1.5707963267949	-1.10879720181649	14.1994747299679
868000000	1.5707963267949	-1.01639772588665	14.1009469173314
868000000	1.5707963267949	-0.923998249956822	13.4446443273455
868000000	1.5707963267949	-0.83159877402699	12.5895764484899
868000000	1.5707963267949	-0.739197552767906	11.5565658323648
868000000	1.5707963267949	-0.646798076838075	10.6894922334794
868000000	1.5707963267949	-0.554398600908243	9.91551040031624
868000000	1.5707963267949	-0.461999124978411	9.1434368870046
868000000	1.5707963267949	-0.369599649048579	7.92290921400197
868000000	1.5707963267949	-0.277200173118747	6.19701314829566
868000000	1.5707963267949	-0.184798951859664	4.23421383394518
868000000	1.5707963267949	-0.0923994759298318	0.153652170920979
868000000	1.5707963267949	0	-5.27295183437254
868000000	1.5707963267949	0.0923994759298318	-4.61331015991387
868000000	1.5707963267949	0.184798951859664	0.00785459836474765
868000000	1.5707963267949	0.277198427789495	3.63336365540292
868000000	1.5707963267949	0.369599649048579	6.07711472123168
868000000	1.5707963267949	0.461999124978411	7.6130224375811
868000000	1.5707963267949	0.554398600908243	9.29041853928349
868000000	1.5707963267949	0.646798076838075	10.5703527307661
868000000	1.5707963267949	0.739197552767906	11.6004483709713
868000000	1.5707963267949	0.83159877402699	12.4792441789739
868000000	1.5707963267949	0.923998249956822	13.0446670726552
868000000	1.5707963267949	1.01639772588665	13.6412632727259
868000000	1.5707963267949	1.10879720181649	14.0775500473969
868000000	1.5707963267949	1.20119667774632	14.4324638400744
868000000	1.5707963267949	1.29359615367615	14.9819959364336
868000000	1.5707963267949	1.38599737493523	15.305667515134
868000000	1.5707963267949	1.47839685086506	15.5426109011021
868000000	1.5707963267949	1.5707963267949	15.6978810482184
868000000	1.5707963267949	1.66319580272473	15.7290853561901
868000000	1.5707963267949	1.75559527865456	15.7666973125355
868000000	1.5707963267949	1.84799649991364	15.6166220348036
868000000	1.5707963267949	1.94039597584348	15.1866151224061
868000000	1.5707963267949	2.03279545177331	14.981920262639
868000000	1.5707963267949	2.12519492770314	14.7036097659821
868000000	1.5707963267949	2.21759440363297	14.4630948860161
868000000	1.5707963267949	2.3099938795628	14.3030405850702
868000000	1.5707963267949	2.40239510082189	13.0759270685999
868000000	1.5707963267949	2.49479457675172	11.9116143281608
868000000	1.5707963267949	2.58719405268155	13.5296659866226
868000000	1.5707963267949	2.67959352861138	11.381974176212
868000000	1.5707963267949	2.77199300454121	8.41850661393032
868000000	1.5707963267949	2.8643942258003	11.3386667311651
868000000	1.74532925199433	-2.8643942258003	9.44384506577761
868000000	1.74532925199433	-2.77199300454121	10.1825320731735
868000000	1.74532925199433	-2.67959352861138	9.5764001863522
868000000	1.74532925199433	-2.58719405268155	9.93985929274106
868000000	1.74532925199433	-2.49479457675172	10.4376706205808
868000000	1.74532925199433	-2.40239510082189	10.636636837318
868000000	1.74532925199433	-2.30999562489206	11.5464731701157
868000000	1.74532925199433	-2.21759440363297	13.2424410778816
868000000	1.74532925199433	-2.12519492770314	14.155827223011
868000000	1.74532925199433	-2.03279545177331	14.8187451950817
868000000	1.74532925199433	-1.94039597584348	15.0910098603473
868000000	1.74532925199433	-1.84799649991364	15.6266295334421
868000000	1.74532925199433	-1.75559527865456	16.0402504253377
868000000	1.74532925199433	-1.66319580272473	15.6817373375785
868000000	1.74532925199433	-1.5707963267949	15.6636844583011
868000000	1.74532925199433	-1.47839685086506	15.5730404241925
868000000	1.74532925199433	-1.38599737493523	15.123206158817
868000000	1.74532925199433	-1.2935978990054	14.8181396827198
868000000	1.74532925199433	-1.20119667774632	14.433105657854
868000000	1.74532925199433	-1.10879720181649	14.314689613532
868000000	1.74532925199433	-1.01639772588665	14.1797304202195
868000000	1.74532925199433	-0.923998249956822	13.523811423657
868000000	1.74532925199433	-0.83159877402699	12.6792008151609
868000000	1.74532925199433	-0.739197552767906	11.6339624910404
868000000	1.74532925199433	-0.646798076838075	10.7053501270562
868000000	1.74532925199433	-0.554398600908243	9.85530272727269
868000000	1.74532925199433	-0.461999124978411	9.02874815775992
868000000	1.74532925199433	-0.369599649048579	7.72905063039424
868000000	1.74532925199433	-0.277200173118747	5.89436512118483
868000000	1.74532925199433	-0.184798951859664	3.85579992511016
868000000	1.74532925199433	-0.0923994759298318	-0.346179395368446
868000000	1.74532925199433	0	-5.02284035462088
868000000	1.74532925199433	0.0923994759298318	-3.33232417575354
868000000	1.74532925199433	0.184798951859664	0.785169282333832
868000000	1.74532925199433	0.277198427789495	4.0784849535281
868000000	1.74532925199433	0.369599649048579	6.31994156789503
868000000	1.74532925199433	0.461999124978411	7.74885950647194
868000000	1.74532925199433	0.554398600908243	9.32817382688522
868000000	1.74532925199433	0.646798076838075	10.5733866281758
868000000	1.74532925199433	0.739197552767906	11.6482814227026
868000000	1.74532925199433	0.83159877402699	12.5457576950266
868000000	1.74532925199433	0.923998249956822	13.1673383495649
868000000	1.74532925199433	1.01639772588665	13.6768082174139
868000000	1.74532925199433	1.10879720181649	14.0174283932351
868000000	1.74532925199433	1.20119667774632	14.2960407386494
868000000	1.74532925199433	1.29359615367615	14.9280243508995
868000000	1.74532925199433	1.38599737493523	15.3749627771973
868000000	1.74532925199433	1.47839685086506	15.5883777820983
868000000	1.74532925199433	1.5707963267949	15.6741137475978
868000000	1.74532925199433	1.66319580272473	15.7605878014947
868000000	1.74532925199433	1.75559527865456	15.8827974059486
868000000	1.74532925199433	1.84799649991364	15.6938877268837
868000000	1.74532925199433	1.94039597584348	15.1805993586317
868000000	1.74532925199433	2.03279545177331	14.9811445261359
868000000	1.74532925199433	2.12519492770314	14.6662613478563
868000000	1.74532925199433	2.21759440363297	14.2444103878991
868000000	1.74532925199433	2.3099938795628	14.1719802322394
868000000	1.74532925199433	2.40239510082189	13.1922227978185
868000000	1.74532925199433	2.49479457675172	11.9126246880967
868000000	1.74532925199433	2.58719405268155	13.3209625764391
868000000	1.74532925199433	2.67959352861138	11.6686248130195
868000000	1.74532925199433	2.77199300454121	8.8453274932098
868000000	1.74532925199433	2.8643942258003	10.6926333922034
868000000	1.91986217719376	-2.8643942258003	9.43761866329373
868000000	1.91986217719376	-2.77199300454121	10.1887465847271
868000000	1.91986217719376	-2.67959352861138	9.56742683870865
868000000	1.91986217719376	-2.58719405268155	9.92615458670041
868000000	1.91986217719376	-2.49479457675172	10.434373661441
868000000	1.91986217719376	-2.40239510082189	10.631783343636
868000000	1.91986217719376	-2.30999562489206	11.5364417424245
868000000	1.91986217719376	-2.21759440363297	13.2334727042344
868000000	1.91986217719376	-2.12519492770314	14.1525249405709
868000000	1.91986217719376	-2.03279545177331	14.8014472546678
868000000	1.91986217719376	-1.94039597584348	15.0881208481144
868000000	1.91986217719376	-1.84799649991364	15.6291024090677
868000000	1.91986217719376	-1.75559527865456	16.0403187358466
868000000	1.91986217719376	-1.66319580272473	15.6768333489242
868000000	1.91986217719376	-1.5707963267949	15.6612035333254
868000000	1.91986217719376	-1.47839685086506	15.575560176424
868000000	1.91986217719376	-1.38599737493523	15.1147395565654
868000000	1.91986217719376	-1.2935978990054	14.8052846990186
868000000	1.91986217719376	-1.20119667774632	14.432770388641
868000000	1.91986217719376	-1.10879720181649	14.29870327395
868000000	1.91986217719376	-1.01639772588665	14.1687492610818
868000000	1.91986217719376	-0.923998249956822	13.5163169855864
868000000	1.91986217719376	-0.83159877402699	12.679088808323
868000000	1.91986217719376	-0.739197552767906	11.6269869589225
868000000	1.91986217719376	-0.646798076838075	10.6904974110848
868000000	1.91986217719376	-0.554398600908243	9.85886448445684
868000000	1.91986217719376	-0.461999124978411	9.02282649971262
868000000	1.91986217719376	-0.369599649048579	7.72364821174697
868000000	1.91986217719376	-0.277200173118747	5.901551789453
868000000	1.91986217719376	-0.184798951859664	3.85987684705941
868000000	1.91986217719376	-0.0923994759298318	-0.356780513033832
868000000	1.91986217719376	0	-5.02372880265552
868000000	1.91986217719376	0.0923994759298318	-3.32009098587555
868000000	1.91986217719376	0.184798951859664	0.786303384114163
868000000	1.91986217719376	0.277198427789495	4.05901537065992
868000000	1.91986217719376	0.369599649048579	6.31710670424934
868000000	1.91986217719376	0.461999124978411	7.72821150477184
868000000	1.91986217719376	0.554398600908243	9.2958331656952
868000000	1.91986217719376	0.646798076838075	10.5714219131694
868000000	1.91986217719376	0.739197552767906	11.6523835850883
868000000	1.91986217719376	0.83159877402699	12.5781743838739
868000000	1.91986217719376	0.923998249956822	13.1567988844744
868000000	1.91986217719376	1.01639772588665	13.6587109426545
868000000	1.91986217719376	1.10879720181649	14.0126319016349
868000000	1.91986217719376	1.20119667774632	14.2789074959735
868000000	1.91986217719376	1.29359615367615	14.9265034840533
868000000	1.91986217719376	1.38599737493523	15.359839573863
868000000	1.91986217719376	1.47839685086506	15.5991688209453
868000000	1.91986217719376	1.5707963267949	15.6658373184633
868000000	1.91986217719376	1.66319580272473	15.7594689442856
868000000	1.91986217719376	1.75559527865456	15.8780939181394
868000000	1.91986217719376	1.84799649991364	15.693841983728
868000000	1.91986217719376	1.94039597584348	15.1882376943888
868000000	1.91986217719376	2.03279545177331	14.96993600131
868000000	1.91986217719376	2.12519492770314	14.6604197016855
868000000	1.91986217719376	2.21759440363297	14.2352262026694
868000000	1.91986217719376	2.3099938795628	14.1682174390199
868000000	1.91986217719376	2.40239510082189	13.1934524723527
868000000	1.91986217719376	2.49479457675172	11.9057250430157
868000000	1.91986217719376	2.58719405268155	13.3135539166185
868000000	1.91986217719376	2.67959352861138	11.6673800230114
868000000	1.91986217719376	2.77199300454121	8.84182213280639
868000000	1.91986217719376	2.8643942258003	10.6937091636606
868000000	2.0943951023932	-2.8643942258003	11.206032487072
868000000	2.0943951023932	-2.77199300454121	10.6021617741078
868000000	2.0943951023932	-2.67959352861138	10.3696166755204
868000000	2.0943951023932	-2.58719405268155	9.94537570679875
868000000	2.0943951023932	-2.49479457675172	9.31257875018278
868000000	2.0943951023932	-2.40239510082189	10.3681284050355
868000000	2.0943951023932	-2.30999562489206	11.5212393370657
868000000	2.0943951023932	-2.21759440363297	12.7276941432316
868000000	2.0943951023932	-2.12519492770314	13.990029424473
868000000	2.0943951023932	-2.03279545177331	15.5143195297565
868000000	2.0943951023932	-1.94039597584348	15.7665687496951
868000000	2.0943951023932	-1.84799649991364	15.62266243497
868000000	2.0943951023932	-1.75559527865456	15.6439902758887
868000000	2.0943951023932	-1.66319580272473	15.4073848983791
868000000	2.0943951023932	-1.5707963267949	15.5086292675072
868000000	2.0943951023932	-1.47839685086506	15.2659947434603
868000000	2.0943951023932	-1.38599737493523	14.8160098209483
868000000	2.0943951023932	-1.2935978990054	14.8589654710474
868000000	2.0943951023932	-1.20119667774632	14.7416464667596
868000000	2.0943951023932	-1.10879720181649	14.5388107028249
868000000	2.0943951023932	-1.01639772588665	14.2062300381833
868000000	2.0943951023932	-0.923998249956822	13.5239774832578
868000000	2.0943951023932	-0.83159877402699	12.7723455546726
868000000	2.0943951023932	-0.739197552767906	11.8069881706919
868000000	2.0943951023932	-0.646798076838075	10.7982557356925
868000000	2.0943951023932	-0.554398600908243	9.79198674372768
868000000	2.0943951023932	-0.461999124978411	8.77136622007539
868000000	2.0943951023932	-0.369599649048579	7.26485275080202
868000000	2.0943951023932	-0.277200173118747	5.17901108691451
868000000	2.0943951023932	-0.184798951859664	2.97297542808881
868000000	2.0943951023932	-0.0923994759298318	-1.6361347615984
868000000	2.0943951023932	0	-4.72728117294107
868000000	2.0943951023932	0.0923994759298318	-1.56002599352575
868000000	2.0943951023932	0.184798951859664	1.98122442562009
868000000	2.0943951023932	0.277198427789495	4.82937268117413
868000000	2.0943951023932	0.369599649048579	6.79541146672379
868000000	2.0943951023932	0.461999124978411	7.99974512920678
868000000	2.0943951023932	0.554398600908243	9.42235813167316
868000000	2.0943951023932	0.646798076838075	10.6346453289798
868000000	2.0943951023932	0.739197552767906	11.7624059452414
868000000	2.0943951023932	0.83159877402699	12.7606369577355
868000000	2.0943951023932	0.923998249956822	13.3412538638151
868000000	2.0943951023932	1.01639772588665	13.7474527004364
868000000	2.0943951023932	1.10879720181649	13.9421450257833
868000000	2.0943951023932	1.20119667774632	14.0727094919485
868000000	2.0943951023932	1.29359615367615	14.809092180551
868000000	2.0943951023932	1.38599737493523	15.4640434222269
868000000	2.0943951023932	1.47839685086506	15.751213058561
868000000	2.0943951023932	1.5707963267949	15.7125891961499
868000000	2.0943951023932	1.66319580272473	15.8267405554961
868000000	2.0943951023932	1.75559527865456	16.090656646016
868000000	2.0943951023932	1.84799649991364	15.9119881763267
868000000	2.0943951023932	1.94039597584348	15.1471054437406
868000000	2.0943951023932	2.03279545177331	14.7896393325396
868000000	2.0943951023932	2.12519492770314	14.6457444223882
868000000	2.0943951023932	2.21759440363297	14.0250362831868
868000000	2.0943951023932	2.3099938795628	13.7217127925073
868000000	2.0943951023932	2.40239510082189	13.1342689710347
868000000	2.0943951023932	2.49479457675172	12.3319967971409
868000000	2.0943951023932	2.58719405268155	12.9747607824098
868000000	2.0943951023932	2.67959352861138	11.5483399018214
868000000	2.0943951023932	2.77199300454121	9.63003728532055
868000000	2.0943951023932	2.8643942258003	9.66472272963403
868000000	2.26892802759263	-2.8643942258003	11.3562737446882
868000000	2.26892802759263	-2.77199300454121	10.9081795249717
868000000	2.26892802759263	-2.67959352861138	10.5519261334685
868000000	2.26892802759263	-2.58719405268155	9.89254006936676
868000000	2.26892802759263	-2.49479457675172	8.71143298287878
868000000	2.26892802759263	-2.40239510082189	10.4272852809682
868000000	2.26892802759263	-2.30999562489206	11.8042332615613
868000000	2.26892802759263	-2.21759440363297	12.6234286651292
868000000	2.26892802759263	-2.12519492770314	13.8925079809676
868000000	2.26892802759263	-2.03279545177331	15.7776996680526
868000000	2.26892802759263	-1.94039597584348	16.0730432909808
868000000	2.26892802759263	-1.84799649991364	15.6318226301984
868000000	2.26892802759263	-1.75559527865456	15.3798134308479
868000000	2.26892802759263	-1.66319580272473	15.2317995869034
868000000	2.26892802759263	-1.5707963267949	15.4494194325832
868000000	2.26892802759263	-1.47839685086506	15.1225076057472
868000000	2.26892802759263	-1.38599737493523	14.6635824882998
868000000	2.26892802759263	-1.2935978990054	14.8924568094851
868000000	2.26892802759263	-1.20119667774632	14.9172386111908
868000000	2.26892802759263	-1.10879720181649	14.6307894659966
868000000	2.26892802759263	-1.01639772588665	14.1739140980385
868000000	2.26892802759263	-0.923998249956822	13.4374482791353
868000000	2.26892802759263	-0.83159877402699	12.736250908145
868000000	2.26892802759263	-0.739197552767906	11.8731577838462
868000000	2.26892802759263	-0.646798076838075	10.8503183212544
868000000	2.26892802759263	-0.554398600908243	9.75987650638223
868000000	2.26892802759263	-0.461999124978411	8.62466307915392
868000000	2.26892802759263	-0.369599649048579	7.00189863207384
868000000	2.26892802759263	-0.277200173118747	4.79016155326313
868000000	2.26892802759263	-0.184798951859664	2.41897736408393
868000000	2.26892802759263	-0.0923994759298318	-2.38579859725509
868000000	2.26892802759263	0	-4.63492633767544
868000000	2.26892802759263	0.0923994759298318	-1.0233039377403
868000000	2.26892802759263	0.184798951859664	2.35163667842085
868000000	2.26892802759263	0.277198427789495	5.08184371631104
868000000	2.26892802759263	0.369599649048579	6.95308083435627
868000000	2.26892802759263	0.461999124978411	8.13545679952641
868000000	2.26892802759263	0.554398600908243	9.51915102605679
868000000	2.26892802759263	0.646798076838075	10.7016786171072
868000000	2.26892802759263	0.739197552767906	11.8273124122916
868000000	2.26892802759263	0.83159877402699	12.790557567761
868000000	2.26892802759263	0.923998249956822	13.3774689029433
868000000	2.26892802759263	1.01639772588665	13.7677601232815
868000000	2.26892802759263	1.10879720181649	13.9568816471319
868000000	2.26892802759263	1.20119667774632	14.028676811871
868000000	2.26892802759263	1.29359615367615	14.755363725319
868000000	2.26892802759263	1.38599737493523	15.4533974530882
868000000	2.26892802759263	1.47839685086506	15.8091591172983
868000000	2.26892802759263	1.5707963267949	15.809837469705
868000000	2.26892802759263	1.66319580272473	15.8726240568839
868000000	2.26892802759263	1.75559527865456	16.1433612698571
868000000	2.26892802759263	1.84799649991364	16.0143802722325
868000000	2.26892802759263	1.94039597584348	15.1491729499589
868000000	2.26892802759263	2.03279545177331	14.647367950711
868000000	2.26892802759263	2.12519492770314	14.592774907022
868000000	2.26892802759263	2.21759440363297	14.0116009969454
868000000	2.26892802759263	2.3099938795628	13.4832624375732
868000000	2.26892802759263	2.40239510082189	12.9639348627498
868000000	2.26892802759263	2.49479457675172	12.576288117961
868000000	2.26892802759263	2.58719405268155	12.9107607806011
868000000	2.26892802759263	2.67959352861138	11.338872289187
868000000	2.26892802759263	2.77199300454121	9.75418312126893
868000000	2.26892802759263	2.8643942258003	9.34694999079178
868000000	2.44346095279206	-2.8643942258003	10.3429190470036
868000000	2.44346095279206	-2.77199300454121	11.1945100346144
868000000	2.44346095279206	-2.67959352861138	10.4508029297581
868000000	2.44346095279206	-2.58719405268155	9.62299332247793
868000000	2.44346095279206	-2.49479457675172	8.19065592201384
868000000	2.44346095279206	-2.40239510082189	10.6160473234218
868000000	2.44346095279206	-2.30999562489206	12.141418844175
868000000	2.44346095279206	-2.21759440363297	12.6038415678469
868000000	2.44346095279206	-2.12519492770314	13.8268624144198
868000000	2.44346095279206	-2.03279545177331	15.9726701917401
868000000	2.44346095279206	-1.94039597584348	16.3254991782786
868000000	2.44346095279206	-1.84799649991364	15.637158708871
868000000	2.44346095279206	-1.75559527865456	15.0934152509695
868000000	2.44346095279206	-1.66319580272473	15.0460462789966
868000000	2.44346095279206	-1.5707963267949	15.4157080725018
868000000	2.44346095279206	-1.47839685086506	15.0333987610324
868000000	2.44346095279206	-1.38599737493523	14.5385609006049
868000000	2.44346095279206	-1.2935978990054	14.9090168542036
868000000	2.44346095279206	-1.20119667774632	15.0535337488258
868000000	2.44346095279206	-1.10879720181649	14.7477035220097
868000000	2.44346095279206	-1.01639772588665	14.1442049012272
868000000	2.44346095279206	-0.923998249956822	13.3156079519698
868000000	2.44346095279206	-0.83159877402699	12.6520041039388
868000000	2.44346095279206	-0.739197552767906	11.8848099734153
868000000	2.44346095279206	-0.646798076838075	10.8791127273125
868000000	2.44346095279206	-0.554398600908243	9.75233692385885
868000000	2.44346095279206	-0.461999124978411	8.53226025353465
868000000	2.44346095279206	-0.369599649048579	6.81345720110871
868000000	2.44346095279206	-0.277200173118747	4.47566667176008
868000000	2.44346095279206	-0.184798951859664	2.02931703959587
868000000	2.44346095279206	-0.0923994759298318	-3.0653137548642
868000000	2.44346095279206	0	-4.70702853494572
868000000	2.44346095279206	0.0923994759298318	-0.625972303856864
868000000	2.44346095279206	0.184798951859664	2.64961743710172
868000000	2.44346095279206	0.277198427789495	5.25157502381703
868000000	2.44346095279206	0.369599649048579	7.05896628009253
868000000	2.44346095279206	0.461999124978411	8.24789893312316
868000000	2.44346095279206	0.554398600908243	9.62792348754453
868000000	2.44346095279206	0.646798076838075	10.8107774881577
868000000	2.44346095279206	0.739197552767906	11.9111368178575
868000000	2.44346095279206	0.83159877402699	12.8326249325454
868000000	2.44346095279206	0.923998249956822	13.3549173133614
868000000	2.44346095279206	1.01639772588665	13.7233412335934
868000000	2.44346095279206	1.10879720181649	13.9420493519097
868000000	2.44346095279206	1.20119667774632	14.0240902251462
868000000	2.44346095279206	1.29359615367615	14.740374387558
868000000	2.44346095279206	1.38599737493523	15.4215010226066
868000000	2.44346095279206	1.47839685086506	15.837639638343
868000000	2.44346095279206	1.5707963267949	15.9078122029225
868000000	2.44346095279206	1.66319580272473	15.9633347502162
868000000	2.44346095279206	1.75559527865456	16.1931525306426
868000000	2.44346095279206	1.84799649991364	16.0572071164469
868000000	2.44346095279206	1.94039597584348	15.1554219737073
868000000	2.44346095279206	2.03279545177331	14.5498202950395
868000000	2.44346095279206	2.12519492770314	14.5017508078537
868000000	2.44346095279206	2.21759440363297	13.9548785369558
868000000	2.44346095279206	2.3099938795628	13.309037432711
868000000	2.44346095279206	2.40239510082189	12.8077277145447
868000000	2.44346095279206	2.49479457675172	12.7379742671142
868000000	2.44346095279206	2.58719405268155	12.9165940396956
868000000	2.44346095279206	2.67959352861138	11.1558418237438
868000000	2.44346095279206	2.77199300454121	9.6385569038612
868000000	2.44346095279206	2.8643942258003	8.98911311898866
868000000	2.61799387799149	-2.8643942258003	8.04331838165034
868000000	2.61799387799149	-2.77199300454121	11.3881429092086
868000000	2.61799387799149	-2.67959352861138	10.1200151392693
868000000	2.61799387799149	-2.58719405268155	8.99592583989203
868000000	2.61799387799149	-2.49479457675172	8.05430594463368
868000000	2.61799387799149	-2.40239510082189	10.996743904
868000000	2.61799387799149	-2.30999562489206	12.3944959342467
868000000	2.61799387799149	-2.21759440363297	12.7556579793328
868000000	2.61799387799149	-2.12519492770314	13.9184672708904
868000000	2.61799387799149	-2.03279545177331	16.1046922576847
868000000	2.61799387799149	-1.94039597584348	16.4383275622345
868000000	2.61799387799149	-1.84799649991364	15.5956037167241
868000000	2.61799387799149	-1.75559527865456	14.8420680728098
868000000	2.61799387799149	-1.66319580272473	14.8605528129672
868000000	2.61799387799149	-1.5707963267949	15.396387161055
868000000	2.61799387799149	-1.47839685086506	15.005611710268
868000000	2.61799387799149	-1.38599737493523	14.4748053828307
868000000	2.61799387799149	-1.2935978990054	14.9025106765933
868000000	2.61799387799149	-1.20119667774632	15.1441440351037
868000000	2.61799387799149	-1.10879720181649	14.8659314450265
868000000	2.61799387799149	-1.01639772588665	14.1748167248421
868000000	2.61799387799149	-0.923998249956822	13.2517751161947
868000000	2.61799387799149	-0.83159877402699	12.5433940732753
868000000	2.61799387799149	-0.739197552767906	11.8174557102242
868000000	2.61799387799149	-0.646798076838075	10.8509559109945
868000000	2.61799387799149	-0.554398600908243	9.73721940535946
868000000	2.61799387799149	-0.461999124978411	8.49505285057415
868000000	2.61799387799149	-0.369599649048579	6.71920908613509
868000000	2.61799387799149	-0.277200173118747	4.28053339820209
868000000	2.61799387799149	-0.184798951859664	1.76123278320954
868000000	2.61799387799149	-0.0923994759298318	-3.78493784268484
868000000	2.61799387799149	0	-5.1119864420876
868000000	2.61799387799149	0.0923994759298318	-0.497585977034668
868000000	2.61799387799149	0.184798951859664	2.77767964264169
868000000	2.61799387799149	0.277198427789495	5.37073955208936
868000000	2.61799387799149	0.369599649048579	7.14993081924804
868000000	2.61799387799149	0.461999124978411	8.37083370347983
868000000	2.61799387799149	0.554398600908243	9.78185287454487
868000000	2.61799387799149	0.646798076838075	10.9650463213632
868000000	2.61799387799149	0.739197552767906	12.0128832730827
868000000	2.61799387799149	0.83159877402699	12.8792096393623
868000000	2.61799387799149	0.923998249956822	13.3491503244699
868000000	2.61799387799149	1.01639772588665	13.6968829563527
868000000	2.61799387799149	1.10879720181649	13.9189746938481
868000000	2.61799387799149	1.20119667774632	14.0392777904887
868000000	2.61799387799149	1.29359615367615	14.7718371446249
868000000	2.61799387799149	1.38599737493523	15.4203506696629
868000000	2.61799387799149	1.47839685086506	15.8570954348297
868000000	2.61799387799149	1.5707963267949	15.9933247055142
868000000	2.61799387799149	1.66319580272473	16.0879589547242
868000000	2.61799387799149	1.75559527865456	16.2394623971354
868000000	2.61799387799149	1.84799649991364	16.0147631569249
868000000	2.61799387799149	1.94039597584348	15.1042698091357
868000000	2.61799387799149	2.03279545177331	14.5130984965805
868000000	2.61799387799149	2.12519492770314	14.373954347442
868000000	2.61799387799149	2.21759440363297	13.7509320541567
868000000	2.61799387799149	2.3099938795628	13.1607169291209
868000000	2.61799387799149	2.40239510082189	12.7914370415005
868000000	2.61799387799149	2.49479457675172	12.7033945481035
868000000	2.61799387799149	2.58719405268155	12.8526551661765
868000000	2.61799387799149	2.67959352861138	11.107144582552
868000000	2.61799387799149	2.77199300454121	9.41052402173473
868000000	2.61799387799149	2.8643942258003	8.32018648715753
868000000	2.79252680319093	-2.8643942258003	5.78971525560786
868000000	2.79252680319093	-2.77199300454121	11.3094310171075
868000000	2.79252680319093	-2.67959352861138	9.76544207130141
868000000	2.79252680319093	-2.58719405268155	8.00303595107163
868000000	2.79252680319093	-2.49479457675172	8.45121192504198
868000000	2.79252680319093	-2.40239510082189	11.5676829143085
868000000	2.79252680319093	-2.30999562489206	12.4677186798764
868000000	2.79252680319093	-2.21759440363297	12.8360771107497
868000000	2.79252680319093	-2.12519492770314	14.2097891935203
868000000	2.79252680319093	-2.03279545177331	16.1993930121204
868000000	2.79252680319093	-1.94039597584348	16.3841887132547
868000000	2.79252680319093	-1.84799649991364	15.4874201202301
868000000	2.79252680319093	-1.75559527865456	14.691763154249
868000000	2.79252680319093	-1.66319580272473	14.6942463905761
868000000	2.79252680319093	-1.5707963267949	15.3323755987428
868000000	2.79252680319093	-1.47839685086506	15.0566285634647
868000000	2.79252680319093	-1.38599737493523	14.5362401753676
868000000	2.79252680319093	-1.2935978990054	14.8742290870493
868000000	2.79252680319093	-1.20119667774632	15.127917331427
868000000	2.79252680319093	-1.10879720181649	14.9523951814899
868000000	2.79252680319093	-1.01639772588665	14.2425807861293
868000000	2.79252680319093	-0.923998249956822	13.2112615819047
868000000	2.79252680319093	-0.83159877402699	12.3958918234148
868000000	2.79252680319093	-0.739197552767906	11.6713206800453
868000000	2.79252680319093	-0.646798076838075	10.7645856982056
868000000	2.79252680319093	-0.554398600908243	9.7291626139778
868000000	2.79252680319093	-0.461999124978411	8.55040113588562
868000000	2.79252680319093	-0.369599649048579	6.77629474218098
868000000	2.79252680319093	-0.277200173118747	4.27497769961481
868000000	2.79252680319093	-0.184798951859664	1.69199692574374
868000000	2.79252680319093	-0.0923994759298318	-4.44835994287261
868000000	2.79252680319093	0	-5.58252680187362
868000000	2.79252680319093	0.0923994759298318	-0.438367500163712
868000000	2.79252680319093	0.184798951859664	2.89658317799447
868000000	2.79252680319093	0.277198427789495	5.46572398742501
868000000	2.79252680319093	0.369599649048579	7.25603936427795
868000000	2.79252680319093	0.461999124978411	8.51124561209504
868000000	2.79252680319093	0.554398600908243	9.94767552326945
868000000	2.79252680319093	0.646798076838075	11.1043241080532
868000000	2.79252680319093	0.739197552767906	12.1164855406682
868000000	2.79252680319093	0.83159877402699	12.9572629096974
868000000	2.79252680319093	0.923998249956822	13.3906421618271
868000000	2.79252680319093	1.01639772588665	13.7108440762047
868000000	2.79252680319093	1.10879720181649	13.8870098690929
868000000	2.79252680319093	1.20119667774632	14.0363340886891
868000000	2.79252680319093	1.29359615367615	14.8359500265973
868000000	2.79252680319093	1.38599737493523	15.4818363242712
868000000	2.79252680319093	1.47839685086506	15.9008746027102
868000000	2.79252680319093	1.5707963267949	16.0544862628389
868000000	2.79252680319093	1.66319580272473	16.2052465558843
868000000	2.79252680319093	1.75559527865456	16.3127886318045
868000000	2.79252680319093	1.84799649991364	15.9573848589018
868000000	2.79252680319093	1.94039597584348	14.9754463474765
868000000	2.79252680319093	2.03279545177331	14.5063757906793
868000000	2.79252680319093	2.12519492770314	14.2382223814753
868000000	2.79252680319093	2.21759440363297	13.3614784550929
868000000	2.79252680319093	2.3099938795628	13.0251189249576
868000000	2.79252680319093	2.40239510082189	13.006612021679
868000000	2.79252680319093	2.49479457675172	12.5814443288544
868000000	2.79252680319093	2.58719405268155	12.6235630997873
868000000	2.79252680319093	2.67959352861138	11.2877357031432
868000000	2.79252680319093	2.77199300454121	9.24706240455117
868000000	2.79252680319093	2.8643942258003	7.25336326414994
868000000	2.96705972839036	-2.8643942258003	5.90839326654537
868000000	2.96705972839036	-2.77199300454121	11.6535124772394
868000000	2.96705972839036	-2.67959352861138	9.14574289106978
868000000	2.96705972839036	-2.58719405268155	7.08217047031015
868000000	2.96705972839036	-2.49479457675172	9.7083416370659
868000000	2.96705972839036	-2.40239510082189	11.9624703816016
868000000	2.96705972839036	-2.30999562489206	12.4041754444909
868000000	2.96705972839036	-2.21759440363297	13.1732073757337
868000000	2.96705972839036	-2.12519492770314	14.5784649334111
868000000	2.96705972839036	-2.03279545177331	16.2002699813323
868000000	2.96705972839036	-1.94039597584348	16.2421031791582
868000000	2.96705972839036	-1.84799649991364	15.3482302283866
868000000	2.96705972839036	-1.75559527865456	14.6257803913255
868000000	2.96705972839036	-1.66319580272473	14.5910882928511
868000000	2.96705972839036	-1.5707963267949	15.2965058938068
868000000	2.96705972839036	-1.47839685086506	15.1240063435236
868000000	2.96705972839036	-1.38599737493523	14.6053360894984
868000000	2.96705972839036	-1.2935978990054	14.8340428492404
868000000	2.96705972839036	-1.20119667774632	15.0799229235279
868000000	2.96705972839036	-1.10879720181649	14.9750072935552
868000000	2.96705972839036	-1.01639772588665	14.2647555901937
868000000	2.96705972839036	-0.923998249956822	13.116458300923
868000000	2.96705972839036	-0.83159877402699	12.213004967956
868000000	2.96705972839036	-0.739197552767906	11.4615513970784
868000000	2.96705972839036	-0.646798076838075	10.63109489086
868000000	2.96705972839036	-0.554398600908243	9.66107712450575
868000000	2.96705972839036	-0.461999124978411	8.51348396451112
868000000	2.96705972839036	-0.369599649048579	6.7084891755315
868000000	2.96705972839036	-0.277200173118747	4.11405242782013
868000000	2.96705972839036	-0.184798951859664	1.53178098492926
868000000	2.96705972839036	-0.0923994759298318	-5.13389462655341
868000000	2.96705972839036	0	-5.91544897248335
868000000	2.96705972839036	0.0923994759298318	-0.290684633649855
868000000	2.96705972839036	0.184798951859664	3.02404659750114
868000000	2.96705972839036	0.277198427789495	5.57791544906353
868000000	2.96705972839036	0.369599649048579	7.35452847037951
868000000	2.96705972839036	0.461999124978411	8.61326002009617
868000000	2.96705972839036	0.554398600908243	10.0603775986036
868000000	2.96705972839036	0.646798076838075	11.2027558388118
868000000	2.96705972839036	0.739197552767906	12.1648289114852
868000000	2.96705972839036	0.83159877402699	12.9466377739419
868000000	2.96705972839036	0.923998249956822	13.3765976019554
868000000	2.96705972839036	1.01639772588665	13.7043663204269
868000000	2.96705972839036	1.10879720181649	13.8767421943757
868000000	2.96705972839036	1.20119667774632	14.0108795229346
868000000	2.96705972839036	1.29359615367615	14.8794143671164
868000000	2.96705972839036	1.38599737493523	15.5587593581176
868000000	2.96705972839036	1.47839685086506	15.9638232530536
868000000	2.96705972839036	1.5707963267949	16.092274247066
868000000	2.96705972839036	1.66319580272473	16.2548306614567
868000000	2.96705972839036	1.75559527865456	16.3584694937629
868000000	2.96705972839036	1.84799649991364	15.8972690592888
868000000	2.96705972839036	1.94039597584348	14.844762012442
868000000	2.96705972839036	2.03279545177331	14.4903164057589
868000000	2.96705972839036	2.12519492770314	14.1151580805062
868000000	2.96705972839036	2.21759440363297	12.966878158065
868000000	2.96705972839036	2.3099938795628	12.903451770316
868000000	2.96705972839036	2.40239510082189	13.2607597267191
868000000	2.96705972839036	2.49479457675172	12.5363528753865
868000000	2.96705972839036	2.58719405268155	12.3340165032359
868000000	2.96705972839036	2.67959352861138	11.2006309020707
868000000	2.96705972839036	2.77199300454121	9.55379218281158
868000000	2.96705972839036	2.8643942258003	6.4736611851024
