3
Frequenzy=868MHz

Azimuth	Elevation	Polarization 1+2
0	-2.8643942258003	2.08368419646801
0	-2.77199300454121	8.96173758343678
0	-2.67959352861138	10.7155342467372
0	-2.58719405268155	10.7114860836717
0	-2.49479457675172	12.2788915285237
0	-2.40239510082189	13.1355933095707
0	-2.30999562489206	12.5720326963993
0	-2.21759440363297	12.7546678060483
0	-2.12519492770314	13.2947011819592
0	-2.03279545177331	14.1145926089287
0	-1.94039597584348	15.1879345351401
0	-1.84799649991364	16.1144865226018
0	-1.75559527865456	16.1525439082213
0	-1.66319580272473	15.6026077063898
0	-1.5707963267949	16.0199207632057
0	-1.47839685086506	16.1528044392531
0	-1.38599737493523	15.4301635374127
0	-1.2935978990054	14.5980419903137
0	-1.20119667774632	13.7906143818134
0	-1.10879720181649	13.5289847807712
0	-1.01639772588665	13.3957271645409
0	-0.923998249956822	12.9148622755705
0	-0.83159877402699	12.6486980733153
0	-0.739197552767906	12.0905598251671
0	-0.646798076838075	11.5230522406261
0	-0.554398600908243	10.7993710603585
0	-0.461999124978411	9.98728782015508
0	-0.369599649048579	8.69159037844045
0	-0.277200173118747	6.81030846180067
0	-0.184798951859664	4.98253737782712
0	-0.0923994759298318	0.785951443117365
0	0	-7.3779469102348
0	0.0923994759298318	-8.18418877878429
0	0.184798951859664	-2.13264248154637
0	0.277198427789495	2.62511509621372
0	0.369599649048579	5.29810280467216
0	0.461999124978411	7.07769638551805
0	0.554398600908243	8.88202748415092
0	0.646798076838075	10.380465378123
0	0.739197552767906	11.7428530649866
0	0.83159877402699	12.885405442479
0	0.923998249956822	13.7402023941217
0	1.01639772588665	14.33924554875
0	1.10879720181649	14.8002354259788
0	1.20119667774632	15.1778325965235
0	1.29359615367615	15.5058266344215
0	1.38599737493523	15.3974195120279
0	1.47839685086506	15.3834298910749
0	1.5707963267949	15.6340589865625
0	1.66319580272473	15.4815308245765
0	1.75559527865456	14.9426688937414
0	1.84799649991364	14.9180614344475
0	1.94039597584348	15.9537712650875
0	2.03279545177331	16.3071424402158
0	2.12519492770314	15.0616754121781
0	2.21759440363297	13.6098799263469
0	2.3099938795628	13.0723300289712
0	2.40239510082189	12.344133182351
0	2.49479457675172	11.3388792662997
0	2.58719405268155	7.81453635882051
0	2.67959352861138	10.2038419511636
0	2.77199300454121	13.1527644975636
0	2.8643942258003	11.9178352306428
0.174532925199433	-2.8643942258003	4.70305583136818
0.174532925199433	-2.77199300454121	8.0246471953289
0.174532925199433	-2.67959352861138	10.6450396620023
0.174532925199433	-2.58719405268155	10.8408583217861
0.174532925199433	-2.49479457675172	11.9680147611786
0.174532925199433	-2.40239510082189	13.0931975026459
0.174532925199433	-2.30999562489206	12.8526057441217
0.174532925199433	-2.21759440363297	12.7813867754215
0.174532925199433	-2.12519492770314	12.9591324052179
0.174532925199433	-2.03279545177331	13.9495241050409
0.174532925199433	-1.94039597584348	15.1962226422807
0.174532925199433	-1.84799649991364	16.1109180133774
0.174532925199433	-1.75559527865456	16.1286084732792
0.174532925199433	-1.66319580272473	15.6435217634341
0.174532925199433	-1.5707963267949	16.1002396488654
0.174532925199433	-1.47839685086506	16.183168298128
0.174532925199433	-1.38599737493523	15.4749928179637
0.174532925199433	-1.2935978990054	14.6898179422987
0.174532925199433	-1.20119667774632	13.9139605592019
0.174532925199433	-1.10879720181649	13.5820291319459
0.174532925199433	-1.01639772588665	13.3598443290085
0.174532925199433	-0.923998249956822	12.8847453272596
0.174532925199433	-0.83159877402699	12.6396448941276
0.174532925199433	-0.739197552767906	12.1206153340742
0.174532925199433	-0.646798076838075	11.5829580924948
0.174532925199433	-0.554398600908243	10.850563983688
0.174532925199433	-0.461999124978411	10.0121739654746
0.174532925199433	-0.369599649048579	8.6989312033777
0.174532925199433	-0.277200173118747	6.83553946348097
0.174532925199433	-0.184798951859664	5.02107771708869
0.174532925199433	-0.0923994759298318	0.948887110182328
0.174532925199433	0	-6.97366290645376
0.174532925199433	0.0923994759298318	-8.86064303162092
0.174532925199433	0.184798951859664	-2.36155282576329
0.174532925199433	0.277198427789495	2.54195189831009
0.174532925199433	0.369599649048579	5.29054694212549
0.174532925199433	0.461999124978411	7.14145779366012
0.174532925199433	0.554398600908243	8.96028439941698
0.174532925199433	0.646798076838075	10.389443426718
0.174532925199433	0.739197552767906	11.6427596802586
0.174532925199433	0.83159877402699	12.7409284750298
0.174532925199433	0.923998249956822	13.6114566599164
0.174532925199433	1.01639772588665	14.2905693491767
0.174532925199433	1.10879720181649	14.77026694533
0.174532925199433	1.20119667774632	15.1587380972474
0.174532925199433	1.29359615367615	15.4867365324248
0.174532925199433	1.38599737493523	15.4101134056174
0.174532925199433	1.47839685086506	15.3941469805714
0.174532925199433	1.5707963267949	15.6293004419525
0.174532925199433	1.66319580272473	15.5343085171783
0.174532925199433	1.75559527865456	15.0586253661607
0.174532925199433	1.84799649991364	14.8522544518003
0.174532925199433	1.94039597584348	15.6090718269157
0.174532925199433	2.03279545177331	16.1455971028955
0.174532925199433	2.12519492770314	15.341490583119
0.174532925199433	2.21759440363297	13.9691445107816
0.174532925199433	2.3099938795628	13.0124567529463
0.174532925199433	2.40239510082189	12.536934964836
0.174532925199433	2.49479457675172	12.2004929097167
0.174532925199433	2.58719405268155	8.21085259999904
0.174532925199433	2.67959352861138	8.98155831257676
0.174532925199433	2.77199300454121	13.1589301753237
0.174532925199433	2.8643942258003	11.5181272651666
0.349065850398866	-2.8643942258003	7.20369153173099
0.349065850398866	-2.77199300454121	7.25907472649099
0.349065850398866	-2.67959352861138	10.3050882096866
0.349065850398866	-2.58719405268155	10.9955025435292
0.349065850398866	-2.49479457675172	11.7742594783208
0.349065850398866	-2.40239510082189	12.945283291831
0.349065850398866	-2.30999562489206	13.0661345829547
0.349065850398866	-2.21759440363297	12.9580563633517
0.349065850398866	-2.12519492770314	12.7088515853266
0.349065850398866	-2.03279545177331	13.722297269836
0.349065850398866	-1.94039597584348	15.1943862440456
0.349065850398866	-1.84799649991364	16.142957234767
0.349065850398866	-1.75559527865456	16.1362868444049
0.349065850398866	-1.66319580272473	15.699692930635
0.349065850398866	-1.5707963267949	16.1515098791971
0.349065850398866	-1.47839685086506	16.2020748762271
0.349065850398866	-1.38599737493523	15.4975717052072
0.349065850398866	-1.2935978990054	14.7826910784784
0.349065850398866	-1.20119667774632	14.0647712066746
0.349065850398866	-1.10879720181649	13.6852465850779
0.349065850398866	-1.01639772588665	13.3740531451409
0.349065850398866	-0.923998249956822	12.835089238734
0.349065850398866	-0.83159877402699	12.6167671753005
0.349065850398866	-0.739197552767906	12.141632942841
0.349065850398866	-0.646798076838075	11.6177944788137
0.349065850398866	-0.554398600908243	10.8709358573788
0.349065850398866	-0.461999124978411	10.0194396229374
0.349065850398866	-0.369599649048579	8.68810646336338
0.349065850398866	-0.277200173118747	6.84398419560992
0.349065850398866	-0.184798951859664	5.01566391066917
0.349065850398866	-0.0923994759298318	1.02706643762965
0.349065850398866	0	-6.70946222180721
0.349065850398866	0.0923994759298318	-9.60912401541996
0.349065850398866	0.184798951859664	-2.66111058173306
0.349065850398866	0.277198427789495	2.4421831382723
0.349065850398866	0.369599649048579	5.31464033716872
0.349065850398866	0.461999124978411	7.24890348247147
0.349065850398866	0.554398600908243	9.11310477202483
0.349065850398866	0.646798076838075	10.7394733739399
0.349065850398866	0.739197552767906	11.5936932708836
0.349065850398866	0.83159877402699	12.5872998209318
0.349065850398866	0.923998249956822	13.4461129249924
0.349065850398866	1.01639772588665	14.2143001485823
0.349065850398866	1.10879720181649	14.7417468778125
0.349065850398866	1.20119667774632	15.1246551570304
0.349065850398866	1.29359615367615	15.4442316696543
0.349065850398866	1.38599737493523	15.4180811991094
0.349065850398866	1.47839685086506	15.4475428417783
0.349065850398866	1.5707963267949	15.629815684503
0.349065850398866	1.66319580272473	15.542899712824
0.349065850398866	1.75559527865456	15.202826144458
0.349065850398866	1.84799649991364	14.9312996466992
0.349065850398866	1.94039597584348	15.2652928278742
0.349065850398866	2.03279545177331	15.8523220424948
0.349065850398866	2.12519492770314	15.5243253262678
0.349065850398866	2.21759440363297	14.3717679643612
0.349065850398866	2.3099938795628	13.0252401320783
0.349065850398866	2.40239510082189	12.5364762060281
0.349065850398866	2.49479457675172	12.855130507103
0.349065850398866	2.58719405268155	9.43544734070212
0.349065850398866	2.67959352861138	7.54242327345062
0.349065850398866	2.77199300454121	12.8645266719039
0.349065850398866	2.8643942258003	11.3772490179708
0.523598775598299	-2.8643942258003	9.1834729823078
0.523598775598299	-2.77199300454121	6.99040394594487
0.523598775598299	-2.67959352861138	9.86184376894108
0.523598775598299	-2.58719405268155	11.0930823986559
0.523598775598299	-2.49479457675172	11.7017346030079
0.523598775598299	-2.40239510082189	12.7954177373197
0.523598775598299	-2.30999562489206	13.1904290374693
0.523598775598299	-2.21759440363297	13.2120808566699
0.523598775598299	-2.12519492770314	12.6752398663473
0.523598775598299	-2.03279545177331	13.4962808073215
0.523598775598299	-1.94039597584348	15.1240179839656
0.523598775598299	-1.84799649991364	16.1872631370665
0.523598775598299	-1.75559527865456	16.1808724284225
0.523598775598299	-1.66319580272473	15.7483386989456
0.523598775598299	-1.5707963267949	16.1382146057385
0.523598775598299	-1.47839685086506	16.2041773566134
0.523598775598299	-1.38599737493523	15.5408565202138
0.523598775598299	-1.2935978990054	14.8486205582624
0.523598775598299	-1.20119667774632	14.1531586732781
0.523598775598299	-1.10879720181649	13.7684725696216
0.523598775598299	-1.01639772588665	13.420257499645
0.523598775598299	-0.923998249956822	12.8314289804518
0.523598775598299	-0.83159877402699	12.5422848317346
0.523598775598299	-0.739197552767906	12.0709722471829
0.523598775598299	-0.646798076838075	11.5241393954052
0.523598775598299	-0.554398600908243	10.7534888052678
0.523598775598299	-0.461999124978411	9.90697839062651
0.523598775598299	-0.369599649048579	8.61357849895369
0.523598775598299	-0.277200173118747	6.77557966831454
0.523598775598299	-0.184798951859664	4.95698826903019
0.523598775598299	-0.0923994759298318	1.08986489092232
0.523598775598299	0	-6.17944722806319
0.523598775598299	0.0923994759298318	-10.4314077443751
0.523598775598299	0.184798951859664	-3.03246121878484
0.523598775598299	0.277198427789495	2.2631817671897
0.523598775598299	0.369599649048579	5.26681765810642
0.523598775598299	0.461999124978411	7.25723352027661
0.523598775598299	0.554398600908243	9.17522556883864
0.523598775598299	0.646798076838075	10.5309515451406
0.523598775598299	0.739197552767906	11.5581297499516
0.523598775598299	0.83159877402699	12.451901258981
0.523598775598299	0.923998249956822	13.2681638945523
0.523598775598299	1.01639772588665	14.0979798757734
0.523598775598299	1.10879720181649	14.6658678845113
0.523598775598299	1.20119667774632	15.0675310505866
0.523598775598299	1.29359615367615	15.3778520084856
0.523598775598299	1.38599737493523	15.4106417505945
0.523598775598299	1.47839685086506	15.4915848276164
0.523598775598299	1.5707963267949	15.6688919245096
0.523598775598299	1.66319580272473	15.569230797723
0.523598775598299	1.75559527865456	15.31948590922
0.523598775598299	1.84799649991364	15.0540350180974
0.523598775598299	1.94039597584348	15.0392081080279
0.523598775598299	2.03279545177331	15.5734013782012
0.523598775598299	2.12519492770314	15.5590671543835
0.523598775598299	2.21759440363297	14.7323905645131
0.523598775598299	2.3099938795628	13.2184742048198
0.523598775598299	2.40239510082189	12.40999667277
0.523598775598299	2.49479457675172	13.2678448490602
0.523598775598299	2.58719405268155	10.8599231103602
0.523598775598299	2.67959352861138	6.05379182549836
0.523598775598299	2.77199300454121	12.3390488617238
0.523598775598299	2.8643942258003	11.2532504270852
0.698131700797732	-2.8643942258003	10.6037342395294
0.698131700797732	-2.77199300454121	7.43453437060179
0.698131700797732	-2.67959352861138	9.34912317142782
0.698131700797732	-2.58719405268155	11.0292484503147
0.698131700797732	-2.49479457675172	11.6980961302308
0.698131700797732	-2.40239510082189	12.6057340965457
0.698131700797732	-2.30999562489206	13.1749706021526
0.698131700797732	-2.21759440363297	13.45778937926
0.698131700797732	-2.12519492770314	12.8679902172767
0.698131700797732	-2.03279545177331	13.3022695742326
0.698131700797732	-1.94039597584348	14.9543267187116
0.698131700797732	-1.84799649991364	16.2015323300261
0.698131700797732	-1.75559527865456	16.3233925284493
0.698131700797732	-1.66319580272473	15.7928715653428
0.698131700797732	-1.5707963267949	16.0559933619771
0.698131700797732	-1.47839685086506	16.1725037041594
0.698131700797732	-1.38599737493523	15.5987671089865
0.698131700797732	-1.2935978990054	14.9086989511689
0.698131700797732	-1.20119667774632	14.1732192679692
0.698131700797732	-1.10879720181649	13.8263743007445
0.698131700797732	-1.01639772588665	13.5153980279483
0.698131700797732	-0.923998249956822	12.8748884903908
0.698131700797732	-0.83159877402699	12.4996285397267
0.698131700797732	-0.739197552767906	11.9770429435563
0.698131700797732	-0.646798076838075	11.4225783252515
0.698131700797732	-0.554398600908243	10.6560291319446
0.698131700797732	-0.461999124978411	9.80765045208166
0.698131700797732	-0.369599649048579	8.5302019540107
0.698131700797732	-0.277200173118747	6.73283135021564
0.698131700797732	-0.184798951859664	4.88914553610876
0.698131700797732	-0.0923994759298318	1.03233872647974
0.698131700797732	0	-6.02722916587294
0.698131700797732	0.0923994759298318	-10.0455622086265
0.698131700797732	0.184798951859664	-2.96440468174761
0.698131700797732	0.277198427789495	2.21340311615288
0.698131700797732	0.369599649048579	5.20670305488463
0.698131700797732	0.461999124978411	7.15734427315567
0.698131700797732	0.554398600908243	9.13653530167584
0.698131700797732	0.646798076838075	10.5264118534952
0.698131700797732	0.739197552767906	11.5543405298886
0.698131700797732	0.83159877402699	12.4269682676248
0.698131700797732	0.923998249956822	13.1618003498792
0.698131700797732	1.01639772588665	13.9545873522433
0.698131700797732	1.10879720181649	14.5233276585944
0.698131700797732	1.20119667774632	14.9626147167456
0.698131700797732	1.29359615367615	15.3550644439286
0.698131700797732	1.38599737493523	15.4034644957458
0.698131700797732	1.47839685086506	15.4935375707234
0.698131700797732	1.5707963267949	15.6588126496449
0.698131700797732	1.66319580272473	15.6334963036056
0.698131700797732	1.75559527865456	15.4439332113591
0.698131700797732	1.84799649991364	15.1431363920616
0.698131700797732	1.94039597584348	14.9346069418567
0.698131700797732	2.03279545177331	15.3331889829743
0.698131700797732	2.12519492770314	15.4539695043628
0.698131700797732	2.21759440363297	14.9393257070585
0.698131700797732	2.3099938795628	13.5442470929766
0.698131700797732	2.40239510082189	12.3173283059594
0.698131700797732	2.49479457675172	13.4037850751206
0.698131700797732	2.58719405268155	11.9622137045601
0.698131700797732	2.67959352861138	5.78432177415501
0.698131700797732	2.77199300454121	11.5742086086022
0.698131700797732	2.8643942258003	11.1657770109729
0.872664625997165	-2.8643942258003	11.4387571109522
0.872664625997165	-2.77199300454121	8.128646383955
0.872664625997165	-2.67959352861138	8.90194703735827
0.872664625997165	-2.58719405268155	10.8546938411545
0.872664625997165	-2.49479457675172	11.6784483038865
0.872664625997165	-2.40239510082189	12.3746922895431
0.872664625997165	-2.30999562489206	13.0457949850798
0.872664625997165	-2.21759440363297	13.6548789021106
0.872664625997165	-2.12519492770314	13.1960642315812
0.872664625997165	-2.03279545177331	13.229268486298
0.872664625997165	-1.94039597584348	14.748469192764
0.872664625997165	-1.84799649991364	16.1514849279607
0.872664625997165	-1.75559527865456	16.418590439608
0.872664625997165	-1.66319580272473	15.8371463078164
0.872664625997165	-1.5707963267949	15.9606474251216
0.872664625997165	-1.47839685086506	16.1150933881069
0.872664625997165	-1.38599737493523	15.6332395172683
0.872664625997165	-1.2935978990054	14.9470857268428
0.872664625997165	-1.20119667774632	14.1797819104612
0.872664625997165	-1.10879720181649	13.8791308197282
0.872664625997165	-1.01639772588665	13.6248487313122
0.872664625997165	-0.923998249956822	12.9695798573723
0.872664625997165	-0.83159877402699	12.4660546515626
0.872664625997165	-0.739197552767906	11.8673730657953
0.872664625997165	-0.646798076838075	11.2731063685859
0.872664625997165	-0.554398600908243	10.52741820165
0.872664625997165	-0.461999124978411	9.7067220038504
0.872664625997165	-0.369599649048579	8.44744325703289
0.872664625997165	-0.277200173118747	6.66198973375219
0.872664625997165	-0.184798951859664	4.7853995695823
0.872664625997165	-0.0923994759298318	0.928501943221146
0.872664625997165	0	-5.78064412032853
0.872664625997165	0.0923994759298318	-9.13518056105905
0.872664625997165	0.184798951859664	-2.64221523304737
0.872664625997165	0.277198427789495	2.28056549363211
0.872664625997165	0.369599649048579	5.23572243701205
0.872664625997165	0.461999124978411	7.13711685724863
0.872664625997165	0.554398600908243	9.0890993204901
0.872664625997165	0.646798076838075	10.5070476039121
0.872664625997165	0.739197552767906	11.5504786657663
0.872664625997165	0.83159877402699	12.4245228946299
0.872664625997165	0.923998249956822	13.1035034317877
0.872664625997165	1.01639772588665	13.8305754389926
0.872664625997165	1.10879720181649	14.3819057841189
0.872664625997165	1.20119667774632	14.8571945237687
0.872664625997165	1.29359615367615	15.3156608826712
0.872664625997165	1.38599737493523	15.3908380047956
0.872664625997165	1.47839685086506	15.4765818660495
0.872664625997165	1.5707963267949	15.6593946861988
0.872664625997165	1.66319580272473	15.6717986755597
0.872664625997165	1.75559527865456	15.5293303736445
0.872664625997165	1.84799649991364	15.2441773027123
0.872664625997165	1.94039597584348	14.9328625117121
0.872664625997165	2.03279545177331	15.1505109494426
0.872664625997165	2.12519492770314	15.2704224215654
0.872664625997165	2.21759440363297	15.0100547642682
0.872664625997165	2.3099938795628	13.8576722533761
0.872664625997165	2.40239510082189	12.3112896532948
0.872664625997165	2.49479457675172	13.2941178145365
0.872664625997165	2.58719405268155	12.7529244818296
0.872664625997165	2.67959352861138	6.60052750666369
0.872664625997165	2.77199300454121	10.6214355311664
0.872664625997165	2.8643942258003	11.1171382391948
1.0471975511966	-2.8643942258003	11.683339862622
1.0471975511966	-2.77199300454121	8.74675975193591
1.0471975511966	-2.67959352861138	8.66539524846134
1.0471975511966	-2.58719405268155	10.6141695285567
1.0471975511966	-2.49479457675172	11.5962334350246
1.0471975511966	-2.40239510082189	12.1069157153881
1.0471975511966	-2.30999562489206	12.8128540189631
1.0471975511966	-2.21759440363297	13.7541965697548
1.0471975511966	-2.12519492770314	13.5486437936052
1.0471975511966	-2.03279545177331	13.3738097418739
1.0471975511966	-1.94039597584348	14.5679980736956
1.0471975511966	-1.84799649991364	16.0392349935225
1.0471975511966	-1.75559527865456	16.4669169273442
1.0471975511966	-1.66319580272473	15.8893238916062
1.0471975511966	-1.5707963267949	15.8715294378666
1.0471975511966	-1.47839685086506	16.0353770822548
1.0471975511966	-1.38599737493523	15.6103970151687
1.0471975511966	-1.2935978990054	14.9486316265936
1.0471975511966	-1.20119667774632	14.1634544430173
1.0471975511966	-1.10879720181649	13.9281472558827
1.0471975511966	-1.01639772588665	13.7523099803734
1.0471975511966	-0.923998249956822	13.1031745665566
1.0471975511966	-0.83159877402699	12.4708102457159
1.0471975511966	-0.739197552767906	11.7498356311437
1.0471975511966	-0.646798076838075	11.1073558285362
1.0471975511966	-0.554398600908243	10.371353202444
1.0471975511966	-0.461999124978411	9.57265424763128
1.0471975511966	-0.369599649048579	8.34358771241107
1.0471975511966	-0.277200173118747	6.57169232458073
1.0471975511966	-0.184798951859664	4.70158681625813
1.0471975511966	-0.0923994759298318	0.77966473328432
1.0471975511966	0	-5.68918107027526
1.0471975511966	0.0923994759298318	-8.0168984893877
1.0471975511966	0.184798951859664	-2.12062788428884
1.0471975511966	0.277198427789495	2.46682703587375
1.0471975511966	0.369599649048579	5.31320270876429
1.0471975511966	0.461999124978411	7.13769643602943
1.0471975511966	0.554398600908243	9.03935646541217
1.0471975511966	0.646798076838075	10.4636573901467
1.0471975511966	0.739197552767906	11.5499506899172
1.0471975511966	0.83159877402699	12.4252197883613
1.0471975511966	0.923998249956822	13.0749624956155
1.0471975511966	1.01639772588665	13.7437102970686
1.0471975511966	1.10879720181649	14.2497751502832
1.0471975511966	1.20119667774632	14.7245628813957
1.0471975511966	1.29359615367615	15.2219441315394
1.0471975511966	1.38599737493523	15.369398003272
1.0471975511966	1.47839685086506	15.4746647886458
1.0471975511966	1.5707963267949	15.6437876457057
1.0471975511966	1.66319580272473	15.7098974407127
1.0471975511966	1.75559527865456	15.6010756041186
1.0471975511966	1.84799649991364	15.3312972856189
1.0471975511966	1.94039597584348	14.9828163128768
1.0471975511966	2.03279545177331	15.057793673687
1.0471975511966	2.12519492770314	15.0712484223428
1.0471975511966	2.21759440363297	14.9467638751173
1.0471975511966	2.3099938795628	14.1028790152965
1.0471975511966	2.40239510082189	12.4102476711757
1.0471975511966	2.49479457675172	12.9978313713396
1.0471975511966	2.58719405268155	13.2522915491575
1.0471975511966	2.67959352861138	7.96114548893982
1.0471975511966	2.77199300454121	9.70483438213732
1.0471975511966	2.8643942258003	11.2039032607463
1.22173047639603	-2.8643942258003	11.3483530216387
1.22173047639603	-2.77199300454121	9.19935007239114
1.22173047639603	-2.67959352861138	8.67558562748518
1.22173047639603	-2.58719405268155	10.3953180616814
1.22173047639603	-2.49479457675172	11.4256057247675
1.22173047639603	-2.40239510082189	11.7645620540615
1.22173047639603	-2.30999562489206	12.5413474171484
1.22173047639603	-2.21759440363297	13.7715936034465
1.22173047639603	-2.12519492770314	13.8468913250913
1.22173047639603	-2.03279545177331	13.65124142062
1.22173047639603	-1.94039597584348	14.522236881265
1.22173047639603	-1.84799649991364	15.8851572535931
1.22173047639603	-1.75559527865456	16.4338075348071
1.22173047639603	-1.66319580272473	15.9102542352921
1.22173047639603	-1.5707963267949	15.8230567559166
1.22173047639603	-1.47839685086506	15.9408120333022
1.22173047639603	-1.38599737493523	15.550109375625
1.22173047639603	-1.2935978990054	14.9286396671911
1.22173047639603	-1.20119667774632	14.1749780826976
1.22173047639603	-1.10879720181649	13.9679616600385
1.22173047639603	-1.01639772588665	13.8714746180187
1.22173047639603	-0.923998249956822	13.2341180799079
1.22173047639603	-0.83159877402699	12.5049976970925
1.22173047639603	-0.739197552767906	11.6486568871509
1.22173047639603	-0.646798076838075	10.9180131427292
1.22173047639603	-0.554398600908243	10.182656817492
1.22173047639603	-0.461999124978411	9.41845312839533
1.22173047639603	-0.369599649048579	8.2084942678923
1.22173047639603	-0.277200173118747	6.48286075099077
1.22173047639603	-0.184798951859664	4.59425847594567
1.22173047639603	-0.0923994759298318	0.630323794431176
1.22173047639603	0	-5.57793143106676
1.22173047639603	0.0923994759298318	-6.90834269591384
1.22173047639603	0.184798951859664	-1.46262743133866
1.22173047639603	0.277198427789495	2.80718726982918
1.22173047639603	0.369599649048579	5.51993595767452
1.22173047639603	0.461999124978411	7.21395419619354
1.22173047639603	0.554398600908243	9.05936379843244
1.22173047639603	0.646798076838075	10.4384126147475
1.22173047639603	0.739197552767906	11.53753105262
1.22173047639603	0.83159877402699	12.4247077168363
1.22173047639603	0.923998249956822	13.0388399296084
1.22173047639603	1.01639772588665	13.6908363836921
1.22173047639603	1.10879720181649	14.1665940885481
1.22173047639603	1.20119667774632	14.6049989798234
1.22173047639603	1.29359615367615	15.1529308313821
1.22173047639603	1.38599737493523	15.3435488984922
1.22173047639603	1.47839685086506	15.4947060841389
1.22173047639603	1.5707963267949	15.6409913019455
1.22173047639603	1.66319580272473	15.7134993408021
1.22173047639603	1.75559527865456	15.6679216500635
1.22173047639603	1.84799649991364	15.4355887253785
1.22173047639603	1.94039597584348	15.0459131892305
1.22173047639603	2.03279545177331	15.0047334976528
1.22173047639603	2.12519492770314	14.9142583717497
1.22173047639603	2.21759440363297	14.8182231507881
1.22173047639603	2.3099938795628	14.2602765226532
1.22173047639603	2.40239510082189	12.6287017480274
1.22173047639603	2.49479457675172	12.58633662076
1.22173047639603	2.58719405268155	13.5317555282667
1.22173047639603	2.67959352861138	9.39560570078001
1.22173047639603	2.77199300454121	8.90936995888734
1.22173047639603	2.8643942258003	11.3991035692941
1.39626340159546	-2.8643942258003	10.5797953793227
1.39626340159546	-2.77199300454121	9.65442565717018
1.39626340159546	-2.67959352861138	8.87995199074741
1.39626340159546	-2.58719405268155	10.2985446489084
1.39626340159546	-2.49479457675172	11.218811645554
1.39626340159546	-2.40239510082189	11.307592714
1.39626340159546	-2.30999562489206	12.2292038576669
1.39626340159546	-2.21759440363297	13.7217623174033
1.39626340159546	-2.12519492770314	14.0177755684702
1.39626340159546	-2.03279545177331	14.0216552299629
1.39626340159546	-1.94039597584348	14.6377505414074
1.39626340159546	-1.84799649991364	15.7620856823605
1.39626340159546	-1.75559527865456	16.3285556002796
1.39626340159546	-1.66319580272473	15.8711432788723
1.39626340159546	-1.5707963267949	15.8015084325071
1.39626340159546	-1.47839685086506	15.8249057842587
1.39626340159546	-1.38599737493523	15.4071353146921
1.39626340159546	-1.2935978990054	14.8538462879408
1.39626340159546	-1.20119667774632	14.2680930243293
1.39626340159546	-1.10879720181649	14.0864851077855
1.39626340159546	-1.01639772588665	13.9974543736061
1.39626340159546	-0.923998249956822	13.343548867095
1.39626340159546	-0.83159877402699	12.5187920149604
1.39626340159546	-0.739197552767906	11.5259374193622
1.39626340159546	-0.646798076838075	10.7507755497143
1.39626340159546	-0.554398600908243	10.0132077502849
1.39626340159546	-0.461999124978411	9.27043264725332
1.39626340159546	-0.369599649048579	8.08427876597534
1.39626340159546	-0.277200173118747	6.36420257987595
1.39626340159546	-0.184798951859664	4.48517736008711
1.39626340159546	-0.0923994759298318	0.472974388482076
1.39626340159546	0	-5.47828060992122
1.39626340159546	0.0923994759298318	-5.96437775326108
1.39626340159546	0.184798951859664	-0.785746276735914
1.39626340159546	0.277198427789495	3.19845287136495
1.39626340159546	0.369599649048579	5.79386494286273
1.39626340159546	0.461999124978411	7.41790074115766
1.39626340159546	0.554398600908243	9.1657694412348
1.39626340159546	0.646798076838075	10.486554957984
1.39626340159546	0.739197552767906	11.5272641686345
1.39626340159546	0.83159877402699	12.3971241487411
1.39626340159546	0.923998249956822	13.006783438617
1.39626340159546	1.01639772588665	13.6481256731109
1.39626340159546	1.10879720181649	14.1508690399657
1.39626340159546	1.20119667774632	14.5137859925338
1.39626340159546	1.29359615367615	15.0306811032098
1.39626340159546	1.38599737493523	15.3016084208216
1.39626340159546	1.47839685086506	15.5366685680785
1.39626340159546	1.5707963267949	15.6693845765543
1.39626340159546	1.66319580272473	15.7002576157736
1.39626340159546	1.75559527865456	15.7053926284727
1.39626340159546	1.84799649991364	15.5587061388517
1.39626340159546	1.94039597584348	15.1239828995114
1.39626340159546	2.03279545177331	14.972419034174
1.39626340159546	2.12519492770314	14.8147440086024
1.39626340159546	2.21759440363297	14.6623719845509
1.39626340159546	2.3099938795628	14.3252996142639
1.39626340159546	2.40239510082189	12.8991922450378
1.39626340159546	2.49479457675172	12.1620689121884
1.39626340159546	2.58719405268155	13.5797374026556
1.39626340159546	2.67959352861138	10.666366977353
1.39626340159546	2.77199300454121	8.38444906197113
1.39626340159546	2.8643942258003	11.5811908809775
1.5707963267949	-2.8643942258003	9.64168765991159
1.5707963267949	-2.77199300454121	10.0328374786917
1.5707963267949	-2.67959352861138	9.17888289755249
1.5707963267949	-2.58719405268155	10.1128787700687
1.5707963267949	-2.49479457675172	10.862596848603
1.5707963267949	-2.40239510082189	10.8899935127858
1.5707963267949	-2.30999562489206	11.862400781242
1.5707963267949	-2.21759440363297	13.5288009693363
1.5707963267949	-2.12519492770314	14.1211877354489
1.5707963267949	-2.03279545177331	14.4094503375813
1.5707963267949	-1.94039597584348	14.8197930043281
1.5707963267949	-1.84799649991364	15.6629860656412
1.5707963267949	-1.75559527865456	16.185782816822
1.5707963267949	-1.66319580272473	15.7902000942443
1.5707963267949	-1.5707963267949	15.7566187603209
1.5707963267949	-1.47839685086506	15.7130114003605
1.5707963267949	-1.38599737493523	15.2604323348441
1.5707963267949	-1.2935978990054	14.8086572786072
1.5707963267949	-1.20119667774632	14.3483691906586
1.5707963267949	-1.10879720181649	14.1994747299679
1.5707963267949	-1.01639772588665	14.1009469173314
1.5707963267949	-0.923998249956822	13.4446443273455
1.5707963267949	-0.83159877402699	12.5895764484899
1.5707963267949	-0.739197552767906	11.5565658323648
1.5707963267949	-0.646798076838075	10.6894922334794
1.5707963267949	-0.554398600908243	9.91551040031624
1.5707963267949	-0.461999124978411	9.1434368870046
1.5707963267949	-0.369599649048579	7.92290921400197
1.5707963267949	-0.277200173118747	6.19701314829566
1.5707963267949	-0.184798951859664	4.23421383394518
1.5707963267949	-0.0923994759298318	0.153652170920979
1.5707963267949	0	-5.27295183437254
1.5707963267949	0.0923994759298318	-4.61331015991387
1.5707963267949	0.184798951859664	0.00785459836474765
1.5707963267949	0.277198427789495	3.63336365540292
1.5707963267949	0.369599649048579	6.07711472123168
1.5707963267949	0.461999124978411	7.6130224375811
1.5707963267949	0.554398600908243	9.29041853928349
1.5707963267949	0.646798076838075	10.5703527307661
1.5707963267949	0.739197552767906	11.6004483709713
1.5707963267949	0.83159877402699	12.4792441789739
1.5707963267949	0.923998249956822	13.0446670726552
1.5707963267949	1.01639772588665	13.6412632727259
1.5707963267949	1.10879720181649	14.0775500473969
1.5707963267949	1.20119667774632	14.4324638400744
1.5707963267949	1.29359615367615	14.9819959364336
1.5707963267949	1.38599737493523	15.305667515134
1.5707963267949	1.47839685086506	15.5426109011021
1.5707963267949	1.5707963267949	15.6978810482184
1.5707963267949	1.66319580272473	15.7290853561901
1.5707963267949	1.75559527865456	15.7666973125355
1.5707963267949	1.84799649991364	15.6166220348036
1.5707963267949	1.94039597584348	15.1866151224061
1.5707963267949	2.03279545177331	14.981920262639
1.5707963267949	2.12519492770314	14.7036097659821
1.5707963267949	2.21759440363297	14.4630948860161
1.5707963267949	2.3099938795628	14.3030405850702
1.5707963267949	2.40239510082189	13.0759270685999
1.5707963267949	2.49479457675172	11.9116143281608
1.5707963267949	2.58719405268155	13.5296659866226
1.5707963267949	2.67959352861138	11.381974176212
1.5707963267949	2.77199300454121	8.41850661393032
1.5707963267949	2.8643942258003	11.3386667311651
1.74532925199433	-2.8643942258003	9.44384506577761
1.74532925199433	-2.77199300454121	10.1825320731735
1.74532925199433	-2.67959352861138	9.5764001863522
1.74532925199433	-2.58719405268155	9.93985929274106
1.74532925199433	-2.49479457675172	10.4376706205808
1.74532925199433	-2.40239510082189	10.636636837318
1.74532925199433	-2.30999562489206	11.5464731701157
1.74532925199433	-2.21759440363297	13.2424410778816
1.74532925199433	-2.12519492770314	14.155827223011
1.74532925199433	-2.03279545177331	14.8187451950817
1.74532925199433	-1.94039597584348	15.0910098603473
1.74532925199433	-1.84799649991364	15.6266295334421
1.74532925199433	-1.75559527865456	16.0402504253377
1.74532925199433	-1.66319580272473	15.6817373375785
1.74532925199433	-1.5707963267949	15.6636844583011
1.74532925199433	-1.47839685086506	15.5730404241925
1.74532925199433	-1.38599737493523	15.123206158817
1.74532925199433	-1.2935978990054	14.8181396827198
1.74532925199433	-1.20119667774632	14.433105657854
1.74532925199433	-1.10879720181649	14.314689613532
1.74532925199433	-1.01639772588665	14.1797304202195
1.74532925199433	-0.923998249956822	13.523811423657
1.74532925199433	-0.83159877402699	12.6792008151609
1.74532925199433	-0.739197552767906	11.6339624910404
1.74532925199433	-0.646798076838075	10.7053501270562
1.74532925199433	-0.554398600908243	9.85530272727269
1.74532925199433	-0.461999124978411	9.02874815775992
1.74532925199433	-0.369599649048579	7.72905063039424
1.74532925199433	-0.277200173118747	5.89436512118483
1.74532925199433	-0.184798951859664	3.85579992511016
1.74532925199433	-0.0923994759298318	-0.346179395368446
1.74532925199433	0	-5.02284035462088
1.74532925199433	0.0923994759298318	-3.33232417575354
1.74532925199433	0.184798951859664	0.785169282333832
1.74532925199433	0.277198427789495	4.0784849535281
1.74532925199433	0.369599649048579	6.31994156789503
1.74532925199433	0.461999124978411	7.74885950647194
1.74532925199433	0.554398600908243	9.32817382688522
1.74532925199433	0.646798076838075	10.5733866281758
1.74532925199433	0.739197552767906	11.6482814227026
1.74532925199433	0.83159877402699	12.5457576950266
1.74532925199433	0.923998249956822	13.1673383495649
1.74532925199433	1.01639772588665	13.6768082174139
1.74532925199433	1.10879720181649	14.0174283932351
1.74532925199433	1.20119667774632	14.2960407386494
1.74532925199433	1.29359615367615	14.9280243508995
1.74532925199433	1.38599737493523	15.3749627771973
1.74532925199433	1.47839685086506	15.5883777820983
1.74532925199433	1.5707963267949	15.6741137475978
1.74532925199433	1.66319580272473	15.7605878014947
1.74532925199433	1.75559527865456	15.8827974059486
1.74532925199433	1.84799649991364	15.6938877268837
1.74532925199433	1.94039597584348	15.1805993586317
1.74532925199433	2.03279545177331	14.9811445261359
1.74532925199433	2.12519492770314	14.6662613478563
1.74532925199433	2.21759440363297	14.2444103878991
1.74532925199433	2.3099938795628	14.1719802322394
1.74532925199433	2.40239510082189	13.1922227978185
1.74532925199433	2.49479457675172	11.9126246880967
1.74532925199433	2.58719405268155	13.3209625764391
1.74532925199433	2.67959352861138	11.6686248130195
1.74532925199433	2.77199300454121	8.8453274932098
1.74532925199433	2.8643942258003	10.6926333922034
1.91986217719376	-2.8643942258003	9.43761866329373
1.91986217719376	-2.77199300454121	10.1887465847271
1.91986217719376	-2.67959352861138	9.56742683870865
1.91986217719376	-2.58719405268155	9.92615458670041
1.91986217719376	-2.49479457675172	10.434373661441
1.91986217719376	-2.40239510082189	10.631783343636
1.91986217719376	-2.30999562489206	11.5364417424245
1.91986217719376	-2.21759440363297	13.2334727042344
1.91986217719376	-2.12519492770314	14.1525249405709
1.91986217719376	-2.03279545177331	14.8014472546678
1.91986217719376	-1.94039597584348	15.0881208481144
1.91986217719376	-1.84799649991364	15.6291024090677
1.91986217719376	-1.75559527865456	16.0403187358466
1.91986217719376	-1.66319580272473	15.6768333489242
1.91986217719376	-1.5707963267949	15.6612035333254
1.91986217719376	-1.47839685086506	15.575560176424
1.91986217719376	-1.38599737493523	15.1147395565654
1.91986217719376	-1.2935978990054	14.8052846990186
1.91986217719376	-1.20119667774632	14.432770388641
1.91986217719376	-1.10879720181649	14.29870327395
1.91986217719376	-1.01639772588665	14.1687492610818
1.91986217719376	-0.923998249956822	13.5163169855864
1.91986217719376	-0.83159877402699	12.679088808323
1.91986217719376	-0.739197552767906	11.6269869589225
1.91986217719376	-0.646798076838075	10.6904974110848
1.91986217719376	-0.554398600908243	9.85886448445684
1.91986217719376	-0.461999124978411	9.02282649971262
1.91986217719376	-0.369599649048579	7.72364821174697
1.91986217719376	-0.277200173118747	5.901551789453
1.91986217719376	-0.184798951859664	3.85987684705941
1.91986217719376	-0.0923994759298318	-0.356780513033832
1.91986217719376	0	-5.02372880265552
1.91986217719376	0.0923994759298318	-3.32009098587555
1.91986217719376	0.184798951859664	0.786303384114163
1.91986217719376	0.277198427789495	4.05901537065992
1.91986217719376	0.369599649048579	6.31710670424934
1.91986217719376	0.461999124978411	7.72821150477184
1.91986217719376	0.554398600908243	9.2958331656952
1.91986217719376	0.646798076838075	10.5714219131694
1.91986217719376	0.739197552767906	11.6523835850883
1.91986217719376	0.83159877402699	12.5781743838739
1.91986217719376	0.923998249956822	13.1567988844744
1.91986217719376	1.01639772588665	13.6587109426545
1.91986217719376	1.10879720181649	14.0126319016349
1.91986217719376	1.20119667774632	14.2789074959735
1.91986217719376	1.29359615367615	14.9265034840533
1.91986217719376	1.38599737493523	15.359839573863
1.91986217719376	1.47839685086506	15.5991688209453
1.91986217719376	1.5707963267949	15.6658373184633
1.91986217719376	1.66319580272473	15.7594689442856
1.91986217719376	1.75559527865456	15.8780939181394
1.91986217719376	1.84799649991364	15.693841983728
1.91986217719376	1.94039597584348	15.1882376943888
1.91986217719376	2.03279545177331	14.96993600131
1.91986217719376	2.12519492770314	14.6604197016855
1.91986217719376	2.21759440363297	14.2352262026694
1.91986217719376	2.3099938795628	14.1682174390199
1.91986217719376	2.40239510082189	13.1934524723527
1.91986217719376	2.49479457675172	11.9057250430157
1.91986217719376	2.58719405268155	13.3135539166185
1.91986217719376	2.67959352861138	11.6673800230114
1.91986217719376	2.77199300454121	8.84182213280639
1.91986217719376	2.8643942258003	10.6937091636606
2.0943951023932	-2.8643942258003	11.206032487072
2.0943951023932	-2.77199300454121	10.6021617741078
2.0943951023932	-2.67959352861138	10.3696166755204
2.0943951023932	-2.58719405268155	9.94537570679875
2.0943951023932	-2.49479457675172	9.31257875018278
2.0943951023932	-2.40239510082189	10.3681284050355
2.0943951023932	-2.30999562489206	11.5212393370657
2.0943951023932	-2.21759440363297	12.7276941432316
2.0943951023932	-2.12519492770314	13.990029424473
2.0943951023932	-2.03279545177331	15.5143195297565
2.0943951023932	-1.94039597584348	15.7665687496951
2.0943951023932	-1.84799649991364	15.62266243497
2.0943951023932	-1.75559527865456	15.6439902758887
2.0943951023932	-1.66319580272473	15.4073848983791
2.0943951023932	-1.5707963267949	15.5086292675072
2.0943951023932	-1.47839685086506	15.2659947434603
2.0943951023932	-1.38599737493523	14.8160098209483
2.0943951023932	-1.2935978990054	14.8589654710474
2.0943951023932	-1.20119667774632	14.7416464667596
2.0943951023932	-1.10879720181649	14.5388107028249
2.0943951023932	-1.01639772588665	14.2062300381833
2.0943951023932	-0.923998249956822	13.5239774832578
2.0943951023932	-0.83159877402699	12.7723455546726
2.0943951023932	-0.739197552767906	11.8069881706919
2.0943951023932	-0.646798076838075	10.7982557356925
2.0943951023932	-0.554398600908243	9.79198674372768
2.0943951023932	-0.461999124978411	8.77136622007539
2.0943951023932	-0.369599649048579	7.26485275080202
2.0943951023932	-0.277200173118747	5.17901108691451
2.0943951023932	-0.184798951859664	2.97297542808881
2.0943951023932	-0.0923994759298318	-1.6361347615984
2.0943951023932	0	-4.72728117294107
2.0943951023932	0.0923994759298318	-1.56002599352575
2.0943951023932	0.184798951859664	1.98122442562009
2.0943951023932	0.277198427789495	4.82937268117413
2.0943951023932	0.369599649048579	6.79541146672379
2.0943951023932	0.461999124978411	7.99974512920678
2.0943951023932	0.554398600908243	9.42235813167316
2.0943951023932	0.646798076838075	10.6346453289798
2.0943951023932	0.739197552767906	11.7624059452414
2.0943951023932	0.83159877402699	12.7606369577355
2.0943951023932	0.923998249956822	13.3412538638151
2.0943951023932	1.01639772588665	13.7474527004364
2.0943951023932	1.10879720181649	13.9421450257833
2.0943951023932	1.20119667774632	14.0727094919485
2.0943951023932	1.29359615367615	14.809092180551
2.0943951023932	1.38599737493523	15.4640434222269
2.0943951023932	1.47839685086506	15.751213058561
2.0943951023932	1.5707963267949	15.7125891961499
2.0943951023932	1.66319580272473	15.8267405554961
2.0943951023932	1.75559527865456	16.090656646016
2.0943951023932	1.84799649991364	15.9119881763267
2.0943951023932	1.94039597584348	15.1471054437406
2.0943951023932	2.03279545177331	14.7896393325396
2.0943951023932	2.12519492770314	14.6457444223882
2.0943951023932	2.21759440363297	14.0250362831868
2.0943951023932	2.3099938795628	13.7217127925073
2.0943951023932	2.40239510082189	13.1342689710347
2.0943951023932	2.49479457675172	12.3319967971409
2.0943951023932	2.58719405268155	12.9747607824098
2.0943951023932	2.67959352861138	11.5483399018214
2.0943951023932	2.77199300454121	9.63003728532055
2.0943951023932	2.8643942258003	9.66472272963403
2.26892802759263	-2.8643942258003	11.3562737446882
2.26892802759263	-2.77199300454121	10.9081795249717
2.26892802759263	-2.67959352861138	10.5519261334685
2.26892802759263	-2.58719405268155	9.89254006936676
2.26892802759263	-2.49479457675172	8.71143298287878
2.26892802759263	-2.40239510082189	10.4272852809682
2.26892802759263	-2.30999562489206	11.8042332615613
2.26892802759263	-2.21759440363297	12.6234286651292
2.26892802759263	-2.12519492770314	13.8925079809676
2.26892802759263	-2.03279545177331	15.7776996680526
2.26892802759263	-1.94039597584348	16.0730432909808
2.26892802759263	-1.84799649991364	15.6318226301984
2.26892802759263	-1.75559527865456	15.3798134308479
2.26892802759263	-1.66319580272473	15.2317995869034
2.26892802759263	-1.5707963267949	15.4494194325832
2.26892802759263	-1.47839685086506	15.1225076057472
2.26892802759263	-1.38599737493523	14.6635824882998
2.26892802759263	-1.2935978990054	14.8924568094851
2.26892802759263	-1.20119667774632	14.9172386111908
2.26892802759263	-1.10879720181649	14.6307894659966
2.26892802759263	-1.01639772588665	14.1739140980385
2.26892802759263	-0.923998249956822	13.4374482791353
2.26892802759263	-0.83159877402699	12.736250908145
2.26892802759263	-0.739197552767906	11.8731577838462
2.26892802759263	-0.646798076838075	10.8503183212544
2.26892802759263	-0.554398600908243	9.75987650638223
2.26892802759263	-0.461999124978411	8.62466307915392
2.26892802759263	-0.369599649048579	7.00189863207384
2.26892802759263	-0.277200173118747	4.79016155326313
2.26892802759263	-0.184798951859664	2.41897736408393
2.26892802759263	-0.0923994759298318	-2.38579859725509
2.26892802759263	0	-4.63492633767544
2.26892802759263	0.0923994759298318	-1.0233039377403
2.26892802759263	0.184798951859664	2.35163667842085
2.26892802759263	0.277198427789495	5.08184371631104
2.26892802759263	0.369599649048579	6.95308083435627
2.26892802759263	0.461999124978411	8.13545679952641
2.26892802759263	0.554398600908243	9.51915102605679
2.26892802759263	0.646798076838075	10.7016786171072
2.26892802759263	0.739197552767906	11.8273124122916
2.26892802759263	0.83159877402699	12.790557567761
2.26892802759263	0.923998249956822	13.3774689029433
2.26892802759263	1.01639772588665	13.7677601232815
2.26892802759263	1.10879720181649	13.9568816471319
2.26892802759263	1.20119667774632	14.028676811871
2.26892802759263	1.29359615367615	14.755363725319
2.26892802759263	1.38599737493523	15.4533974530882
2.26892802759263	1.47839685086506	15.8091591172983
2.26892802759263	1.5707963267949	15.809837469705
2.26892802759263	1.66319580272473	15.8726240568839
2.26892802759263	1.75559527865456	16.1433612698571
2.26892802759263	1.84799649991364	16.0143802722325
2.26892802759263	1.94039597584348	15.1491729499589
2.26892802759263	2.03279545177331	14.647367950711
2.26892802759263	2.12519492770314	14.592774907022
2.26892802759263	2.21759440363297	14.0116009969454
2.26892802759263	2.3099938795628	13.4832624375732
2.26892802759263	2.40239510082189	12.9639348627498
2.26892802759263	2.49479457675172	12.576288117961
2.26892802759263	2.58719405268155	12.9107607806011
2.26892802759263	2.67959352861138	11.338872289187
2.26892802759263	2.77199300454121	9.75418312126893
2.26892802759263	2.8643942258003	9.34694999079178
2.44346095279206	-2.8643942258003	10.3429190470036
2.44346095279206	-2.77199300454121	11.1945100346144
2.44346095279206	-2.67959352861138	10.4508029297581
2.44346095279206	-2.58719405268155	9.62299332247793
2.44346095279206	-2.49479457675172	8.19065592201384
2.44346095279206	-2.40239510082189	10.6160473234218
2.44346095279206	-2.30999562489206	12.141418844175
2.44346095279206	-2.21759440363297	12.6038415678469
2.44346095279206	-2.12519492770314	13.8268624144198
2.44346095279206	-2.03279545177331	15.9726701917401
2.44346095279206	-1.94039597584348	16.3254991782786
2.44346095279206	-1.84799649991364	15.637158708871
2.44346095279206	-1.75559527865456	15.0934152509695
2.44346095279206	-1.66319580272473	15.0460462789966
2.44346095279206	-1.5707963267949	15.4157080725018
2.44346095279206	-1.47839685086506	15.0333987610324
2.44346095279206	-1.38599737493523	14.5385609006049
2.44346095279206	-1.2935978990054	14.9090168542036
2.44346095279206	-1.20119667774632	15.0535337488258
2.44346095279206	-1.10879720181649	14.7477035220097
2.44346095279206	-1.01639772588665	14.1442049012272
2.44346095279206	-0.923998249956822	13.3156079519698
2.44346095279206	-0.83159877402699	12.6520041039388
2.44346095279206	-0.739197552767906	11.8848099734153
2.44346095279206	-0.646798076838075	10.8791127273125
2.44346095279206	-0.554398600908243	9.75233692385885
2.44346095279206	-0.461999124978411	8.53226025353465
2.44346095279206	-0.369599649048579	6.81345720110871
2.44346095279206	-0.277200173118747	4.47566667176008
2.44346095279206	-0.184798951859664	2.02931703959587
2.44346095279206	-0.0923994759298318	-3.0653137548642
2.44346095279206	0	-4.70702853494572
2.44346095279206	0.0923994759298318	-0.625972303856864
2.44346095279206	0.184798951859664	2.64961743710172
2.44346095279206	0.277198427789495	5.25157502381703
2.44346095279206	0.369599649048579	7.05896628009253
2.44346095279206	0.461999124978411	8.24789893312316
2.44346095279206	0.554398600908243	9.62792348754453
2.44346095279206	0.646798076838075	10.8107774881577
2.44346095279206	0.739197552767906	11.9111368178575
2.44346095279206	0.83159877402699	12.8326249325454
2.44346095279206	0.923998249956822	13.3549173133614
2.44346095279206	1.01639772588665	13.7233412335934
2.44346095279206	1.10879720181649	13.9420493519097
2.44346095279206	1.20119667774632	14.0240902251462
2.44346095279206	1.29359615367615	14.740374387558
2.44346095279206	1.38599737493523	15.4215010226066
2.44346095279206	1.47839685086506	15.837639638343
2.44346095279206	1.5707963267949	15.9078122029225
2.44346095279206	1.66319580272473	15.9633347502162
2.44346095279206	1.75559527865456	16.1931525306426
2.44346095279206	1.84799649991364	16.0572071164469
2.44346095279206	1.94039597584348	15.1554219737073
2.44346095279206	2.03279545177331	14.5498202950395
2.44346095279206	2.12519492770314	14.5017508078537
2.44346095279206	2.21759440363297	13.9548785369558
2.44346095279206	2.3099938795628	13.309037432711
2.44346095279206	2.40239510082189	12.8077277145447
2.44346095279206	2.49479457675172	12.7379742671142
2.44346095279206	2.58719405268155	12.9165940396956
2.44346095279206	2.67959352861138	11.1558418237438
2.44346095279206	2.77199300454121	9.6385569038612
2.44346095279206	2.8643942258003	8.98911311898866
2.61799387799149	-2.8643942258003	8.04331838165034
2.61799387799149	-2.77199300454121	11.3881429092086
2.61799387799149	-2.67959352861138	10.1200151392693
2.61799387799149	-2.58719405268155	8.99592583989203
2.61799387799149	-2.49479457675172	8.05430594463368
2.61799387799149	-2.40239510082189	10.996743904
2.61799387799149	-2.30999562489206	12.3944959342467
2.61799387799149	-2.21759440363297	12.7556579793328
2.61799387799149	-2.12519492770314	13.9184672708904
2.61799387799149	-2.03279545177331	16.1046922576847
2.61799387799149	-1.94039597584348	16.4383275622345
2.61799387799149	-1.84799649991364	15.5956037167241
2.61799387799149	-1.75559527865456	14.8420680728098
2.61799387799149	-1.66319580272473	14.8605528129672
2.61799387799149	-1.5707963267949	15.396387161055
2.61799387799149	-1.47839685086506	15.005611710268
2.61799387799149	-1.38599737493523	14.4748053828307
2.61799387799149	-1.2935978990054	14.9025106765933
2.61799387799149	-1.20119667774632	15.1441440351037
2.61799387799149	-1.10879720181649	14.8659314450265
2.61799387799149	-1.01639772588665	14.1748167248421
2.61799387799149	-0.923998249956822	13.2517751161947
2.61799387799149	-0.83159877402699	12.5433940732753
2.61799387799149	-0.739197552767906	11.8174557102242
2.61799387799149	-0.646798076838075	10.8509559109945
2.61799387799149	-0.554398600908243	9.73721940535946
2.61799387799149	-0.461999124978411	8.49505285057415
2.61799387799149	-0.369599649048579	6.71920908613509
2.61799387799149	-0.277200173118747	4.28053339820209
2.61799387799149	-0.184798951859664	1.76123278320954
2.61799387799149	-0.0923994759298318	-3.78493784268484
2.61799387799149	0	-5.1119864420876
2.61799387799149	0.0923994759298318	-0.497585977034668
2.61799387799149	0.184798951859664	2.77767964264169
2.61799387799149	0.277198427789495	5.37073955208936
2.61799387799149	0.369599649048579	7.14993081924804
2.61799387799149	0.461999124978411	8.37083370347983
2.61799387799149	0.554398600908243	9.78185287454487
2.61799387799149	0.646798076838075	10.9650463213632
2.61799387799149	0.739197552767906	12.0128832730827
2.61799387799149	0.83159877402699	12.8792096393623
2.61799387799149	0.923998249956822	13.3491503244699
2.61799387799149	1.01639772588665	13.6968829563527
2.61799387799149	1.10879720181649	13.9189746938481
2.61799387799149	1.20119667774632	14.0392777904887
2.61799387799149	1.29359615367615	14.7718371446249
2.61799387799149	1.38599737493523	15.4203506696629
2.61799387799149	1.47839685086506	15.8570954348297
2.61799387799149	1.5707963267949	15.9933247055142
2.61799387799149	1.66319580272473	16.0879589547242
2.61799387799149	1.75559527865456	16.2394623971354
2.61799387799149	1.84799649991364	16.0147631569249
2.61799387799149	1.94039597584348	15.1042698091357
2.61799387799149	2.03279545177331	14.5130984965805
2.61799387799149	2.12519492770314	14.373954347442
2.61799387799149	2.21759440363297	13.7509320541567
2.61799387799149	2.3099938795628	13.1607169291209
2.61799387799149	2.40239510082189	12.7914370415005
2.61799387799149	2.49479457675172	12.7033945481035
2.61799387799149	2.58719405268155	12.8526551661765
2.61799387799149	2.67959352861138	11.107144582552
2.61799387799149	2.77199300454121	9.41052402173473
2.61799387799149	2.8643942258003	8.32018648715753
2.79252680319093	-2.8643942258003	5.78971525560786
2.79252680319093	-2.77199300454121	11.3094310171075
2.79252680319093	-2.67959352861138	9.76544207130141
2.79252680319093	-2.58719405268155	8.00303595107163
2.79252680319093	-2.49479457675172	8.45121192504198
2.79252680319093	-2.40239510082189	11.5676829143085
2.79252680319093	-2.30999562489206	12.4677186798764
2.79252680319093	-2.21759440363297	12.8360771107497
2.79252680319093	-2.12519492770314	14.2097891935203
2.79252680319093	-2.03279545177331	16.1993930121204
2.79252680319093	-1.94039597584348	16.3841887132547
2.79252680319093	-1.84799649991364	15.4874201202301
2.79252680319093	-1.75559527865456	14.691763154249
2.79252680319093	-1.66319580272473	14.6942463905761
2.79252680319093	-1.5707963267949	15.3323755987428
2.79252680319093	-1.47839685086506	15.0566285634647
2.79252680319093	-1.38599737493523	14.5362401753676
2.79252680319093	-1.2935978990054	14.8742290870493
2.79252680319093	-1.20119667774632	15.127917331427
2.79252680319093	-1.10879720181649	14.9523951814899
2.79252680319093	-1.01639772588665	14.2425807861293
2.79252680319093	-0.923998249956822	13.2112615819047
2.79252680319093	-0.83159877402699	12.3958918234148
2.79252680319093	-0.739197552767906	11.6713206800453
2.79252680319093	-0.646798076838075	10.7645856982056
2.79252680319093	-0.554398600908243	9.7291626139778
2.79252680319093	-0.461999124978411	8.55040113588562
2.79252680319093	-0.369599649048579	6.77629474218098
2.79252680319093	-0.277200173118747	4.27497769961481
2.79252680319093	-0.184798951859664	1.69199692574374
2.79252680319093	-0.0923994759298318	-4.44835994287261
2.79252680319093	0	-5.58252680187362
2.79252680319093	0.0923994759298318	-0.438367500163712
2.79252680319093	0.184798951859664	2.89658317799447
2.79252680319093	0.277198427789495	5.46572398742501
2.79252680319093	0.369599649048579	7.25603936427795
2.79252680319093	0.461999124978411	8.51124561209504
2.79252680319093	0.554398600908243	9.94767552326945
2.79252680319093	0.646798076838075	11.1043241080532
2.79252680319093	0.739197552767906	12.1164855406682
2.79252680319093	0.83159877402699	12.9572629096974
2.79252680319093	0.923998249956822	13.3906421618271
2.79252680319093	1.01639772588665	13.7108440762047
2.79252680319093	1.10879720181649	13.8870098690929
2.79252680319093	1.20119667774632	14.0363340886891
2.79252680319093	1.29359615367615	14.8359500265973
2.79252680319093	1.38599737493523	15.4818363242712
2.79252680319093	1.47839685086506	15.9008746027102
2.79252680319093	1.5707963267949	16.0544862628389
2.79252680319093	1.66319580272473	16.2052465558843
2.79252680319093	1.75559527865456	16.3127886318045
2.79252680319093	1.84799649991364	15.9573848589018
2.79252680319093	1.94039597584348	14.9754463474765
2.79252680319093	2.03279545177331	14.5063757906793
2.79252680319093	2.12519492770314	14.2382223814753
2.79252680319093	2.21759440363297	13.3614784550929
2.79252680319093	2.3099938795628	13.0251189249576
2.79252680319093	2.40239510082189	13.006612021679
2.79252680319093	2.49479457675172	12.5814443288544
2.79252680319093	2.58719405268155	12.6235630997873
2.79252680319093	2.67959352861138	11.2877357031432
2.79252680319093	2.77199300454121	9.24706240455117
2.79252680319093	2.8643942258003	7.25336326414994
2.96705972839036	-2.8643942258003	5.90839326654537
2.96705972839036	-2.77199300454121	11.6535124772394
2.96705972839036	-2.67959352861138	9.14574289106978
2.96705972839036	-2.58719405268155	7.08217047031015
2.96705972839036	-2.49479457675172	9.7083416370659
2.96705972839036	-2.40239510082189	11.9624703816016
2.96705972839036	-2.30999562489206	12.4041754444909
2.96705972839036	-2.21759440363297	13.1732073757337
2.96705972839036	-2.12519492770314	14.5784649334111
2.96705972839036	-2.03279545177331	16.2002699813323
2.96705972839036	-1.94039597584348	16.2421031791582
2.96705972839036	-1.84799649991364	15.3482302283866
2.96705972839036	-1.75559527865456	14.6257803913255
2.96705972839036	-1.66319580272473	14.5910882928511
2.96705972839036	-1.5707963267949	15.2965058938068
2.96705972839036	-1.47839685086506	15.1240063435236
2.96705972839036	-1.38599737493523	14.6053360894984
2.96705972839036	-1.2935978990054	14.8340428492404
2.96705972839036	-1.20119667774632	15.0799229235279
2.96705972839036	-1.10879720181649	14.9750072935552
2.96705972839036	-1.01639772588665	14.2647555901937
2.96705972839036	-0.923998249956822	13.116458300923
2.96705972839036	-0.83159877402699	12.213004967956
2.96705972839036	-0.739197552767906	11.4615513970784
2.96705972839036	-0.646798076838075	10.63109489086
2.96705972839036	-0.554398600908243	9.66107712450575
2.96705972839036	-0.461999124978411	8.51348396451112
2.96705972839036	-0.369599649048579	6.7084891755315
2.96705972839036	-0.277200173118747	4.11405242782013
2.96705972839036	-0.184798951859664	1.53178098492926
2.96705972839036	-0.0923994759298318	-5.13389462655341
2.96705972839036	0	-5.91544897248335
2.96705972839036	0.0923994759298318	-0.290684633649855
2.96705972839036	0.184798951859664	3.02404659750114
2.96705972839036	0.277198427789495	5.57791544906353
2.96705972839036	0.369599649048579	7.35452847037951
2.96705972839036	0.461999124978411	8.61326002009617
2.96705972839036	0.554398600908243	10.0603775986036
2.96705972839036	0.646798076838075	11.2027558388118
2.96705972839036	0.739197552767906	12.1648289114852
2.96705972839036	0.83159877402699	12.9466377739419
2.96705972839036	0.923998249956822	13.3765976019554
2.96705972839036	1.01639772588665	13.7043663204269
2.96705972839036	1.10879720181649	13.8767421943757
2.96705972839036	1.20119667774632	14.0108795229346
2.96705972839036	1.29359615367615	14.8794143671164
2.96705972839036	1.38599737493523	15.5587593581176
2.96705972839036	1.47839685086506	15.9638232530536
2.96705972839036	1.5707963267949	16.092274247066
2.96705972839036	1.66319580272473	16.2548306614567
2.96705972839036	1.75559527865456	16.3584694937629
2.96705972839036	1.84799649991364	15.8972690592888
2.96705972839036	1.94039597584348	14.844762012442
2.96705972839036	2.03279545177331	14.4903164057589
2.96705972839036	2.12519492770314	14.1151580805062
2.96705972839036	2.21759440363297	12.966878158065
2.96705972839036	2.3099938795628	12.903451770316
2.96705972839036	2.40239510082189	13.2607597267191
2.96705972839036	2.49479457675172	12.5363528753865
2.96705972839036	2.58719405268155	12.3340165032359
2.96705972839036	2.67959352861138	11.2006309020707
2.96705972839036	2.77199300454121	9.55379218281158
2.96705972839036	2.8643942258003	6.4736611851024
